-1@1,3,10,7,4,10,9,12,7,4,10,5,7,10,6,5,5,5,5,4,10,10,8,12,7,4,10,5,5,7,4,6,10,8,8,4,5,10,8,5,10,4,7,4,2,11
1@1,3,7,10,12,4,5,12,7,4,10,5,12,10,7,4,12,7,4,10,5,12,4,6,12,7,4,10,5,6,5,10,10,7,4,7,10,6,5,6,5,7,10,12,4,5,15,4,8,6,5,10,8,8,6,15,5,12,7,4,10,5,8,8,7,2,11
1@1,3,7,10,12,4,5,12,7,4,10,5,12,7,4,12,7,4,10,5,12,7,4,10,5,8,5,12,7,4,10,5,12,8,6,7,10,12,4,5,4,12,7,4,10,5,12,12,7,4,10,5,12,2,11
-1@1,3,4,4,5,7,4,4,4,4,5,5,5,6,7,4,9,5,5,5,5,6,7,5,5,5,6,5,6,5,9,5,5,5,5,5,5,5,5,5,6,7,5,5,4,2,11
1@1,3,5,7,10,4,8,6,5,4,5,6,5,6,5,5,9,8,7,4,5,5,4,6,6,5,4,5,7,4,4,4,5,9,2,11
-1@1,3,7,10,12,4,5,7,10,6,7,4,7,10,6,5,10,8,5,9,8,5,8,5,7,4,5,12,7,4,10,5,12,5,5,5,12,7,4,10,5,12,10,5,4,7,10,6,5,10,12,7,4,10,5,12,7,4,10,2,11
-1@1,3,7,10,12,4,10,5,8,5,6,5,8,5,4,8,10,7,5,4,10,5,7,10,4,7,10,12,4,8,5,8,5,5,5,8,5,10,8,8,10,5,8,5,7,10,4,4,5,9,7,4,8,2,11
1@1,3,10,12,5,15,4,7,10,4,5,8,5,6,9,8,5,5,6,9,9,9,8,5,6,10,7,8,10,5,15,4,9,8,8,8,5,5,10,5,4,5,6,6,5,4,5,5,7,10,6,5,9,9,9,2,11
1@1,3,7,10,12,4,5,4,10,10,4,4,8,7,4,4,12,7,4,10,5,4,5,7,10,12,4,5,5,8,7,4,6,4,6,7,10,4,10,7,10,4,15,6,4,15,12,7,4,10,5,6,2,11
1@1,3,10,7,4,12,7,4,10,5,12,10,10,10,8,8,10,10,7,10,12,4,5,10,7,10,6,5,7,10,12,4,5,6,7,4,7,10,12,4,5,14,14,2,11,14,14,14,14
1@1,3,6,5,5,9,5,5,5,5,5,10,12,5,9,5,5,7,5,4,5,9,8,5,5,5,5,6,5,6,5,5,5,7,5,6,5,5,5,5,5,10,2,11
1@1,3,5,5,5,5,5,5,7,4,5,5,5,5,5,5,5,2,11
1@1,3,4,9,7,5,5,5,6,7,4,5,4,5,4,9,5,4,5,4,5,9,4,5,9,7,4,4,5,5,6,5,9,8,4,4,6,5,7,6,9,5,9,9,4,5,5,6,5,8,7,5,2,11
-1@1,3,8,4,5,4,5,7,5,4,5,9,5,4,5,6,5,8,4,5,5,8,7,4,5,4,5,5,4,5,6,5,4,5,5,9,5,13,5,9,4,5,8,5,4,5,5,7,5,6,5,9,13,5,9,4,5,6,2,11
-1@1,3,10,5,4,5,10,8,7,10,4,7,10,4,8,4,6,4,9,10,10,7,5,4,5,5,4,5,4,5,5,10,5,10,5,6,5,10,5,10,10,8,5,8,7,2,11
1@1,3,10,12,8,7,4,5,10,5,12,7,4,10,5,8,8,12,7,4,10,5,12,10,10,10,4,7,10,4,10,7,4,5,10,5,10,12,7,4,10,5,12,2,11
1@1,3,9,4,5,5,9,7,6,6,7,4,5,5,6,5,5,9,5,13,5,9,10,7,5,4,5,5,9,5,10,10,7,5,4,5,5,9,5,9,5,9,15,5,4,5,5,9,5,7,5,4,5,13,5,9,9,14,2,11,14
1@1,3,12,7,4,10,5,12,10,4,6,10,7,4,7,10,12,4,5,10,12,7,4,10,5,7,10,6,5,8,5,7,10,4,7,4,7,10,12,4,5,8,6,5,8,5,4,15,7,4,10,2,11
1@1,3,5,6,5,5,4,10,8,8,8,10,8,5,8,8,7,7,4,5,8,5,5,8,5,7,4,5,10,5,4,5,7,4,8,7,4,2,11
1@1,3,7,10,12,4,5,4,12,7,4,10,5,12,5,5,6,8,7,5,4,8,12,7,4,10,5,12,8,5,10,7,10,6,5,10,9,10,7,4,8,5,8,7,4,9,8,8,7,10,12,4,5,6,2,11
1@1,3,7,10,12,4,5,4,7,4,8,4,9,8,5,7,10,12,4,5,12,7,4,10,5,12,7,4,6,7,10,6,5,12,7,4,10,5,12,4,12,7,4,10,5,12,2,11
1@1,3,7,10,12,4,5,7,4,10,7,10,12,4,5,4,15,6,8,5,7,10,5,6,5,6,7,4,10,4,5,5,6,8,5,8,2,11,1,3,8,8,4,8,7,5,4,5,7,4,6,5,8,5,4,7,4,8,7,4,13,5,9,8,8,14,14,2,11,14,14,14
1@1,3,7,10,4,4,6,7,10,4,6,7,10,4,4,5,4,6,7,10,4,6,7,4,6,10,10,10,7,4,6,10,10,7,5,6,7,10,4,4,4,4,6,7,4,6,7,10,4,6,10,8,7,4,7,4,5,4,4,6,7,10,4,6,10,8,7,5,6,7,10,10,4,6,7,10,4,4,6,7,6,7,10,4,6,2,11
1@1,3,12,7,4,10,5,7,10,6,5,8,10,7,4,8,7,4,8,5,4,7,10,12,4,5,10,8,5,10,8,5,5,6,10,10,7,4,10,5,6,6,5,5,4,10,2,11
1@1,10,7,10,5,6,9,9,8,7,5,5,5,6,7,5,6,5,8,7,6,5,8,7,5,5,5,6,10,10,8,10,8,10,8,7,5,6,9,8,7,10,5,5,5,5,5,5,6,5,7,5,5,6,10,9,7,5,5,5,5,5,5,5,5,6,10,8,7,5,6,2,11
1@1,3,10,12,8,7,5,5,6,5,9,9,5,9,5,9,5,9,5,7,5,6,10,5,9,9,9,8,8,7,5,6,9,8,7,6,5,5,7,10,5,6,5,8,7,5,5,6,5,5,5,7,10,5,5,6,9,8,5,7,6,5,5,5,9,7,5,5,6,5,5,9,5,9,8,5,7,5,6,5,5,5,9,10,7,5,6,5,5,9,5,7,10,5,6,5,12,9,7,6,5,9,8,7,5,6,5,5,9,5,9,5,9,8,9,5,9,7,10,5,6,5,7,5,6,7,5,2,11
-1@1,3,10,7,4,8,8,12,10,10,12,7,4,6,10,10,12,10,7,10,4,6,7,4,10,7,10,4,8,5,10,8,10,7,6,2,11
1@1,3,6,5,5,5,6,5,10,5,10,5,5,6,7,10,4,6,7,4,8,5,6,5,5,6,5,10,7,5,6,7,6,2,11
-1@3,1,10,8,7,4,7,10,4,10,10,10,8,8,10,8,7,4,10,8,10,7,10,4,8,10,8,8,10,8,7,4,8,7,10,4,7,4,2,11
1@1,3,10,8,7,4,6,7,10,6,7,10,6,10,8,7,6,7,5,4,5,6,7,10,4,4,6,7,4,5,6,7,5,5,6,7,4,5,6,7,10,4,6,7,10,6,7,10,6,7,10,4,5,6,7,10,6,7,10,4,6,7,10,4,6,10,7,4,6,7,10,4,6,7,10,4,4,6,7,10,4,6,2,11
1@1,3,6,8,4,5,5,4,15,5,6,5,10,10,5,8,7,4,5,8,6,5,5,7,4,15,4,15,4,5,6,5,7,13,5,9,4,10,5,4,4,8,7,4,5,8,7,13,5,9,2,11
-1@1,3,10,12,5,7,10,4,7,10,6,8,6,5,8,5,5,5,5,5,10,7,8,5,5,5,5,10,5,7,5,6,9,8,10,5,5,7,10,6,5,8,5,5,5,5,5,6,2,11
-1@1,3,10,7,4,7,4,7,10,12,4,5,5,12,7,4,10,5,12,7,4,10,5,12,6,10,7,4,5,10,5,10,7,10,12,4,5,7,10,12,4,5,7,10,12,4,5,8,5,8,8,5,8,8,2,11
-1@1,3,7,10,6,12,7,4,10,5,12,7,10,15,6,8,7,4,10,10,8,6,5,7,4,10,10,7,10,4,7,10,6,5,5,7,10,4,7,10,6,5,7,6,10,7,10,5,7,4,15,8,2,11
1@1,3,10,7,4,8,12,10,8,8,10,8,10,4,5,7,10,4,10,7,4,7,10,10,2,11
1@1,3,5,7,5,4,5,7,4,5,9,5,7,5,6,5,4,5,6,5,5,9,6,5,13,5,9,7,4,15,10,4,15,5,4,5,10,2,11
1@1,3,10,8,8,7,4,10,10,7,10,4,4,8,8,7,4,6,6,10,8,5,7,4,6,8,5,2,11
-1@1,3,5,6,8,5,4,8,6,5,7,5,4,6,15,5,5,6,5,5,4,13,5,13,5,13,13,5,5,6,8,7,4,8,7,5,4,6,15,5,5,6,4,15,5,8,10,7,5,8,8,5,4,2,11
1@1,3,10,7,4,7,10,6,5,8,7,4,10,10,7,10,4,7,10,4,7,10,4,10,7,4,7,4,7,10,4,10,6,6,5,5,10,7,10,4,10,8,5,7,4,2,11
-1@1,3,10,8,7,4,6,10,7,10,4,4,4,5,6,10,7,4,5,6,7,10,4,7,4,4,6,7,10,4,4,6,10,7,5,4,6,7,10,4,7,4,4,5,6,7,10,4,6,7,10,4,4,6,10,7,5,6,5,7,4,6,10,7,4,2,11
1@1,3,4,4,4,5,5,6,7,4,5,6,5,8,10,8,7,4,9,5,5,5,6,2,14,11,14,14,14
-1@1,3,7,10,12,4,5,6,5,10,7,4,10,4,4,12,7,4,10,5,12,10,5,10,12,7,4,10,5,12,10,10,7,4,5,10,8,5,7,10,7,10,7,10,12,4,5,8,5,14,2,11,14,14,14,14
-1@1,3,8,6,8,6,10,6,10,8,8,5,10,8,7,4,6,8,7,10,5,4,7,10,4,10,8,5,10,7,10,5,4,10,10,8,5,10,10,8,7,4,7,10,4,10,5,8,2,11
1@1,3,10,8,10,10,7,10,4,7,10,6,5,7,4,8,8,8,8,5,7,10,4,7,10,4,8,5,10,8,7,4,2,11
-1@1,3,8,9,5,9,4,4,7,5,4,5,5,4,5,6,5,7,5,4,10,5,7,4,7,6,6,2,11
1@1,3,12,7,4,10,5,12,12,7,4,10,5,12,7,4,10,5,12,12,7,4,10,5,7,4,4,12,7,4,10,5,12,7,4,8,12,7,4,10,5,10,10,6,5,5,12,7,4,10,5,10,5,7,4,10,10,2,11
-1@1,3,7,10,12,4,5,10,10,7,4,5,4,5,10,4,12,7,4,10,5,7,4,5,10,10,6,15,10,4,7,10,12,4,5,9,5,10,2,11
1@1,3,6,5,5,6,9,8,8,6,5,7,5,6,5,8,5,5,6,5,6,8,5,6,5,5,6,5,5,6,5,9,9,2,11
1@1,3,10,7,4,12,7,4,10,5,7,10,4,10,15,6,5,12,7,4,10,5,7,10,6,5,5,7,10,12,4,5,15,6,5,7,10,4,7,10,5,6,5,5,8,5,8,12,7,4,10,5,12,10,5,12,7,4,10,5,12,8,7,4,5,5,4,8,7,10,6,5,7,10,4,2,11
-1@3,1,5,5,4,5,6,5,7,4,10,12,6,5,8,6,6,5,9,4,9,9,9,9,9,7,6,2,11
1@1,3,7,10,12,4,5,9,7,4,7,10,4,7,10,6,12,7,4,10,5,5,5,5,5,12,7,4,10,5,12,5,12,7,4,10,5,12,5,7,10,6,5,7,10,15,5,6,9,9,9,7,10,12,4,5,6,8,7,4,4,5,4,8,8,5,5,2,11
-1@1,3,12,7,4,10,5,12,4,10,10,7,4,7,10,12,4,5,10,4,4,10,5,7,10,5,6,5,4,5,10,7,4,10,5,10,7,4,4,7,10,6,5,5,7,10,6,5,7,5,2,11
-1@1,3,12,7,4,10,5,12,8,8,7,4,5,8,4,8,5,8,7,4,5,8,8,5,8,7,6,8,12,7,4,10,5,10,5,10,10,8,4,9,8,8,6,12,7,4,10,5,12,10,10,2,11
-1@1,3,8,4,4,5,5,5,6,6,5,7,4,5,6,5,6,6,5,5,5,5,6,7,5,5,6,5,6,8,8,9,8,5,5,6,5,4,7,4,5,7,5,7,6,7,5,6,5,8,6,7,10,4,9,9,5,5,5,6,7,5,5,5,6,6,7,10,5,4,5,5,2,11
-1@1,3,10,10,10,10,10,10,8,8,15,5,6,10,8,6,12,10,8,8,8,8,8,8,8,5,5,5,10,10,8,8,7,5,6,8,8,8,10,8,8,10,10,10,8,8,5,5,5,5,8,8,8,5,6,5,5,7,6,10,10,10,8,8,5,5,6,5,5,5,8,8,8,8,7,6,10,10,10,8,5,5,5,5,5,8,2,11
1@1,3,8,7,5,6,5,6,5,6,5,10,7,5,4,9,7,4,6,5,6,5,6,5,5,7,4,5,6,5,5,6,2,11
1@1,3,10,12,7,4,10,5,12,10,6,10,9,8,7,4,10,6,4,10,7,4,10,7,10,4,9,8,5,6,10,2,11
1@1,3,7,10,12,4,4,10,7,4,8,7,4,7,4,7,5,6,7,4,10,7,4,7,10,4,10,2,11
-1@1,3,5,5,9,5,5,6,5,5,9,5,7,5,6,5,10,12,5,4,5,5,4,5,5,8,7,5,4,5,13,5,9,8,5,9,5,9,7,4,5,6,6,5,10,12,5,9,5,5,7,5,2,11
-1@1,3,10,10,8,8,5,4,5,5,9,5,7,5,4,5,10,8,8,8,8,5,5,8,8,5,7,6,10,10,10,5,5,5,8,5,5,8,8,8,8,8,10,10,10,5,9,5,9,5,10,9,9,5,9,9,8,8,5,8,7,6,5,10,5,8,5,6,8,8,8,8,8,8,10,10,10,2,11
1@1,3,7,4,6,5,12,7,4,10,5,12,7,10,6,5,12,7,4,10,5,7,10,4,5,6,5,5,7,4,12,7,4,10,5,8,5,7,10,12,4,5,4,8,5,8,5,7,10,12,4,5,7,7,10,12,4,5,6,5,8,5,2,11
1@1,3,5,9,5,8,5,8,5,9,7,5,5,5,6,5,5,5,6,5,7,5,5,5,6,4,15,5,7,6,5,9,5,9,5,9,5,6,5,6,5,7,5,5,6,5,9,7,5,5,4,15,5,5,9,5,9,8,6,5,9,8,5,9,8,7,5,5,5,6,5,9,5,7,5,6,14,2,11,14,14
1@1,3,7,5,4,6,4,15,5,5,4,5,6,5,7,5,4,6,4,5,4,6,5,7,13,5,9,4,6,5,5,6,7,4,7,5,4,5,4,5,7,13,5,9,2,11
-1@1,3,9,7,10,4,10,8,7,10,4,6,8,7,10,4,6,8,7,4,7,10,5,4,10,10,10,5,7,10,5,4,7,10,4,7,10,4,7,10,6,10,2,11
1@1,3,5,6,7,5,6,6,15,6,10,8,7,5,4,5,13,5,5,6,9,8,7,6,5,6,5,5,9,8,5,9,7,6,5,8,13,5,7,5,4,13,5,5,4,15,8,5,6,7,5,6,5,8,5,8,9,2,11
-1@1,3,5,7,6,8,8,10,10,10,8,7,10,10,8,7,5,6,7,6,10,10,9,9,9,9,7,6,5,10,10,8,8,7,6,10,10,10,10,10,8,8,7,15,6,10,10,8,8,5,8,8,8,7,6,5,10,7,10,6,10,10,10,8,8,8,7,6,8,8,10,7,6,5,8,8,10,10,10,7,6,9,5,5,5,2,11
1@1,3,6,5,7,10,4,10,8,5,8,7,4,6,5,10,5,7,5,4,8,8,4,8,7,5,4,15,5,8,5,5,5,7,4,5,6,7,13,5,9,4,7,4,7,13,5,9,4,8,4,4,2,11
1@1,3,4,5,8,5,6,5,8,7,4,5,4,5,8,7,4,5,5,9,4,5,8,4,5,8,7,4,5,9,8,4,5,8,8,5,4,5,4,5,2,11
1@1,3,6,5,8,10,10,5,6,7,10,6,5,5,5,5,6,7,5,4,5,10,10,7,5,4,5,5,6,5,6,10,5,10,2,11
-1@3,1,4,6,15,5,4,5,9,9,5,8,5,5,9,4,5,8,7,4,5,7,5,4,5,10,9,4,5,5,6,7,5,4,5,9,7,4,5,10,5,9,4,5,5,9,5,2,11
-1@1,3,5,6,5,5,4,8,5,6,8,5,5,5,6,8,7,6,5,5,8,5,8,5,6,5,6,5,5,6,5,7,10,7,5,6,4,5,8,5,5,2,11
1@1,3,10,7,10,4,10,7,10,4,10,6,8,6,10,7,10,4,7,10,4,7,10,5,6,10,7,10,4,4,8,7,10,4,7,4,8,6,5,7,10,4,5,10,2,11,1,3,9,6,5,6,5,5,4,5,9,5,5,7,4,5,9,9,8,6,5,6,4,15,5,6,5,5,9,7,4,6,5,9,5,5,6,9,8,7,5,4,13,5,9,7,5,6,7,5,4,5,9,5,6,13,5,9,7,5,4,2,11
1@1,3,10,12,7,10,5,5,5,8,7,5,5,5,6,9,8,7,6,5,9,9,7,5,5,6,7,5,5,5,6,7,10,5,5,6,9,8,7,5,5,5,6,7,10,5,6,9,7,10,5,5,5,6,5,7,10,5,5,6,9,8,7,6,5,5,8,7,5,6,9,8,7,5,5,5,5,6,5,7,5,5,5,6,5,9,9,9,9,7,10,5,5,6,5,9,9,7,10,5,5,6,9,2,11
1@1,3,7,10,6,7,10,5,6,7,10,6,7,10,6,8,7,6,8,8,7,5,6,8,8,8,7,6,8,7,6,10,7,6,7,6,8,7,6,7,6,7,15,6,7,10,6,7,6,5,2,11
1@1,3,10,8,7,5,4,9,10,8,6,8,12,7,4,10,5,12,15,4,10,10,7,4,6,7,10,12,4,5,8,5,7,5,6,8,12,7,4,10,5,8,5,10,8,2,11
1@1,3,4,5,4,15,5,5,4,7,5,4,7,5,4,15,7,5,4,15,4,6,5,4,5,6,5,4,5,9,5,5,9,5,5,4,5,5,5,7,5,4,6,5,6,2,11
-1@1,3,10,8,8,7,4,8,9,7,10,4,8,5,8,7,4,10,10,10,8,7,4,8,5,6,10,7,10,4,10,7,10,4,2,11
-1@1,3,10,6,9,5,5,5,6,5,8,8,9,5,5,5,6,9,5,5,5,5,6,8,8,7,5,5,6,5,5,5,4,6,5,4,5,6,5,9,7,5,5,5,6,5,5,6,7,5,9,2,11
-1@1,3,10,10,7,5,6,12,7,4,10,5,5,8,10,8,8,7,10,5,6,7,10,6,5,5,8,7,4,15,6,15,6,5,4,8,15,6,7,4,7,2,11
1@1,3,10,7,4,5,7,10,12,4,5,4,15,10,8,4,5,7,4,5,12,7,4,10,5,12,8,4,10,5,5,10,6,2,11
-1@1,3,10,12,6,5,5,4,15,5,7,5,15,4,15,5,5,5,15,4,5,5,4,15,5,5,6,5,7,5,4,9,7,5,5,7,2,11
1@1,3,6,5,5,9,5,5,4,6,5,5,9,7,5,5,4,7,10,4,4,6,5,6,5,5,5,9,6,5,9,5,9,5,7,6,10,5,6,5,9,7,5,5,5,6,7,5,4,5,5,6,7,10,5,6,7,10,5,5,6,5,9,10,5,6,5,9,5,9,7,5,4,5,9,5,9,10,5,6,5,9,7,6,2,11
-1@1,3,10,7,4,7,10,6,5,12,7,4,10,5,12,10,15,5,6,7,10,12,4,5,10,10,12,7,4,10,5,7,10,12,4,5,7,4,4,10,7,10,12,4,5,2,11
-1@1,3,10,8,7,4,5,7,10,6,5,8,8,10,5,4,8,9,8,7,4,5,8,5,5,10,10,7,10,12,4,5,4,8,5,4,5,5,12,7,4,10,5,5,8,7,4,12,7,4,10,5,8,4,10,9,2,11
1@1,3,8,5,4,6,6,10,7,4,15,5,6,10,5,5,6,5,5,15,5,6,5,6,8,15,5,4,7,4,10,5,15,4,5,5,7,4,15,4,7,10,5,6,9,9,7,4,5,7,10,5,4,5,2,11
1@1,3,10,7,4,4,7,10,12,4,5,10,7,10,4,7,10,4,7,10,6,5,10,7,10,12,4,5,5,5,7,10,6,5,5,10,5,5,9,10,5,7,10,12,4,5,10,7,4,5,2,11
-1@1,3,10,15,6,10,10,8,8,7,4,8,8,15,6,10,5,7,4,10,8,7,4,6,8,5,5,10,8,2,11
1@1,3,5,6,8,5,9,4,5,5,5,5,6,8,5,5,7,5,4,5,6,7,6,8,5,5,7,5,6,8,4,5,8,7,6,5,7,5,4,5,5,2,11
1@1,3,10,10,8,7,4,10,8,6,7,4,10,10,8,8,8,7,4,7,10,4,6,10,2,11
-1@1,3,5,6,5,6,4,5,6,8,8,7,4,8,6,5,5,6,10,12,5,5,6,5,7,5,4,15,5,5,6,5,5,6,4,10,5,5,7,6,5,9,5,6,2,11
-1@1,3,8,8,8,7,6,10,5,10,8,8,8,8,5,10,8,8,7,6,5,5,10,10,8,7,6,12,10,7,6,5,7,6,5,9,7,6,5,7,6,5,5,9,7,6,10,8,8,8,8,7,6,8,8,8,8,8,8,10,10,8,8,8,10,10,8,8,8,8,7,6,7,6,5,5,8,7,6,10,10,10,8,8,5,10,5,8,8,8,8,9,8,7,6,5,2,11
1@1,3,4,7,5,15,4,5,15,4,4,6,6,5,5,6,5,10,2,11
1@1,3,12,7,4,10,5,12,7,10,15,6,7,10,6,5,8,7,6,6,6,5,10,12,7,4,10,5,7,10,6,5,5,7,4,7,10,6,5,5,6,5,5,15,5,6,5,6,7,4,4,7,10,6,5,7,10,12,4,5,2,11
1@1,3,5,9,5,4,5,5,6,4,5,6,5,9,7,5,4,5,5,5,4,5,6,5,9,7,5,4,5,5,4,5,4,5,4,5,4,5,5,7,4,5,5,4,5,5,9,9,5,9,7,5,4,5,9,5,4,5,5,4,5,5,14,2,11,14,14,14
-1@1,3,15,5,15,4,5,9,5,7,6,5,5,9,9,5,9,9,8,7,10,9,6,5,7,5,6,5,8,13,5,5,5,5,9,8,13,5,13,5,5,13,5,8,5,9,7,5,5,6,5,5,8,7,10,12,5,5,6,5,2,11
1@1,3,10,12,8,8,7,4,6,5,8,8,6,5,5,10,7,10,4,6,5,10,8,5,10,4,7,10,4,7,4,10,10,9,8,5,8,7,4,10,8,8,5,8,8,4,4,10,7,10,4,8,8,5,8,7,4,2,11
1@1,3,10,9,9,9,9,9,9,9,10,9,5,4,5,6,7,4,10,8,5,6,9,9,9,7,5,5,6,9,8,8,15,5,5,6,10,4,15,5,4,8,10,4,2,11
-1@1,3,10,7,4,10,7,10,4,10,4,8,10,12,7,4,10,5,8,7,4,8,5,4,10,7,4,5,9,4,5,8,10,2,11
1@1,3,9,6,5,8,5,5,5,6,6,5,6,5,7,5,5,4,15,6,5,4,10,8,10,5,4,6,5,6,5,5,5,6,10,8,14,14,2,11,14,14,14
1@1,3,10,12,7,4,10,5,12,7,10,12,4,5,7,10,15,6,5,7,10,4,15,7,10,6,5,8,5,7,10,15,5,5,6,7,10,6,10,9,7,5,10,10,10,8,5,8,5,2,11
1@10,10,7,10,12,4,5,8,10,10,5,12,7,4,10,5,12,10,5,8,5,12,7,4,10,5,12,7,4,10,5,12,12,7,4,10,5,7,4,5,10,7,10,12,4,5,10,5,4,6,7,10,12,4,5,2,11
-1@1,3,4,5,9,7,4,5,5,9,5,5,9,5,5,5,5,9,9,5,9,4,5,7,5,4,5,5,5,9,5,5,5,9,5,5,7,4,5,5,9,5,9,4,5,6,5,7,5,4,5,10,9,9,5,7,4,5,5,9,7,5,4,5,9,5,7,4,5,5,9,5,9,5,5,2,11
-1@1,3,8,5,5,5,6,10,10,7,5,5,6,8,9,7,5,5,5,6,8,10,5,5,6,7,5,5,5,5,6,7,5,5,6,2,11
1@1,3,10,7,4,4,4,7,10,12,4,5,8,5,5,4,8,7,4,12,7,4,10,5,6,10,9,10,8,5,7,4,8,5,4,6,2,11
-1@1,3,7,10,4,4,7,4,5,4,5,4,10,8,5,8,5,6,8,5,7,4,8,5,5,7,10,6,10,9,8,5,5,5,5,5,10,8,8,7,4,6,5,9,8,5,5,8,7,4,5,6,8,5,2,11
1@1,3,12,7,4,10,5,12,7,10,6,5,7,10,12,4,5,10,7,10,12,4,5,15,4,7,10,12,4,5,10,10,7,4,7,10,6,5,12,7,4,10,5,12,7,10,6,5,5,10,7,10,6,5,10,10,7,4,4,8,5,14,2,11,14,14,14
1@1,3,6,5,5,5,6,5,5,6,10,8,9,8,7,4,15,5,15,5,6,8,5,5,5,5,5,6,5,6,5,8,5,5,5,5,6,5,7,10,5,6,10,14,2,11,14
1@1,3,12,7,4,10,5,4,12,7,4,10,5,12,8,7,4,8,10,15,15,5,6,9,8,5,4,15,4,10,9,15,15,5,6,7,10,12,4,5,8,5,4,12,7,4,10,5,7,10,6,5,7,4,7,10,12,4,5,7,10,6,5,5,14,2,11,14,14,14
1@1,3,10,10,6,5,8,10,5,6,7,5,6,5,8,5,6,5,10,10,8,6,5,10,8,6,5,15,5,4,10,8,8,8,10,7,10,5,6,8,2,11
-1@1,3,5,6,5,6,10,12,5,5,5,5,6,9,5,5,6,5,5,5,4,5,7,5,5,6,10,4,5,4,15,10,15,5,5,5,6,5,5,5,6,4,6,5,7,5,2,11
1@1,3,7,10,12,4,5,7,10,12,4,5,4,15,6,7,4,5,5,10,12,7,4,10,5,7,10,6,5,12,7,4,10,5,12,12,7,4,10,5,12,4,4,7,4,5,10,12,7,4,10,5,12,5,10,8,5,4,9,7,10,12,4,5,8,7,10,6,5,2,11
1@1,3,7,10,12,4,5,7,10,4,5,8,8,10,5,7,10,6,5,9,8,7,4,5,7,10,6,5,12,7,4,10,5,12,12,7,4,10,5,5,5,7,10,6,5,5,7,10,4,8,7,4,7,10,6,5,7,10,6,5,10,5,7,4,2,11
1@1,3,4,15,4,4,4,7,5,4,9,4,7,4,9,4,9,5,4,7,5,4,4,6,6,7,13,5,9,4,7,5,4,5,6,8,7,4,15,6,7,5,6,7,2,11
1@1,3,10,5,5,5,10,4,5,6,5,7,4,6,5,5,10,10,7,10,4,5,7,5,6,10,2,11
1@1,3,7,10,12,4,5,10,7,4,10,6,5,7,10,12,4,5,10,10,7,4,5,4,6,5,10,7,4,5,5,7,10,4,7,10,6,5,5,6,2,11
1@1,3,7,10,12,4,5,7,4,12,7,4,10,5,12,7,10,12,4,5,7,10,12,4,5,12,7,4,10,5,12,7,4,12,7,4,10,5,12,7,4,10,5,12,7,10,12,4,5,7,10,12,4,5,12,7,4,10,5,12,4,7,4,7,10,12,4,5,7,10,12,4,5,7,10,12,4,5,8,5,12,7,4,10,5,12,8,5,2,11
-1@1,3,10,12,6,5,6,9,9,10,4,10,10,8,5,10,7,10,6,8,7,5,15,4,5,6,5,5,7,10,5,5,6,7,10,6,5,9,8,6,5,5,7,4,8,7,10,5,5,6,2,11
1@1,3,8,7,5,4,5,5,4,8,7,5,4,5,7,5,4,5,4,5,8,4,5,4,5,7,5,4,6,5,8,7,4,6,5,15,4,5,8,4,5,5,4,7,5,4,6,4,5,2,11
-1@3,1,6,5,5,6,10,5,4,7,5,4,4,7,5,6,4,4,5,4,7,5,4,4,7,4,5,5,8,5,9,5,6,7,6,5,9,2,11
1@1,3,7,10,12,4,5,12,7,4,10,5,12,7,4,10,5,12,7,10,12,4,5,7,4,6,5,5,5,6,12,7,4,10,5,7,10,6,12,7,4,10,5,12,7,4,10,5,12,4,10,5,5,4,4,12,7,4,10,5,12,5,7,4,10,12,7,4,10,5,14,2,11,14,14,14,14
-1@1,3,7,6,6,5,6,5,9,9,8,7,5,4,5,4,6,9,9,5,5,6,5,5,6,10,7,5,4,9,8,5,5,6,9,7,5,5,6,2,11
-1@1,3,10,7,4,5,6,12,7,4,10,5,12,5,15,4,10,8,7,4,5,10,12,7,4,10,5,12,7,10,6,5,5,10,9,8,5,7,4,4,5,10,2,11
1@1,3,12,7,4,10,5,12,7,10,12,4,5,12,7,4,10,5,7,10,12,4,5,7,4,12,7,4,10,5,12,7,10,4,12,7,4,10,5,12,4,12,7,4,10,5,7,4,2,11
1@1,3,6,8,10,8,10,6,8,10,6,5,10,8,9,9,5,6,5,8,5,6,10,9,8,6,5,6,5,7,5,5,6,9,8,10,8,7,5,2,11
-1@1,3,10,7,4,5,4,5,4,7,10,6,5,5,8,7,4,7,10,12,4,5,15,4,7,4,5,12,7,4,10,5,9,5,12,7,4,10,5,10,8,7,10,12,4,5,2,11
-1@1,3,12,7,4,10,5,12,12,7,4,10,5,12,4,7,4,10,10,12,7,4,10,5,12,12,7,4,10,5,12,7,10,12,4,5,12,7,4,10,5,7,4,7,10,12,4,5,4,5,9,9,7,6,5,2,11
-1@1,3,10,10,8,5,5,5,10,5,5,8,10,5,7,4,5,9,10,5,7,10,4,8,8,5,10,7,10,6,5,7,4,5,10,8,10,8,8,9,8,5,2,11
1@1,3,12,7,4,10,5,12,10,10,10,7,4,8,12,7,4,10,5,10,8,7,10,4,7,10,6,5,12,7,10,6,5,5,7,4,5,5,5,12,7,4,10,5,5,7,10,6,5,10,5,4,10,4,12,7,4,10,5,5,2,11
1@1,3,7,10,12,4,5,7,4,5,9,12,7,4,10,5,12,4,8,8,8,5,7,10,6,5,8,7,10,6,5,12,7,4,10,5,7,10,6,5,7,4,12,7,4,10,5,12,12,7,4,10,5,12,12,7,4,10,5,12,7,4,10,5,10,7,4,2,11
-1@1,3,10,5,6,10,7,4,7,10,6,8,7,5,4,7,10,6,8,6,5,6,7,10,5,4,5,7,10,6,5,5,6,8,7,6,10,5,7,10,6,5,9,8,8,7,4,6,5,8,7,4,8,2,11
1@3,1,5,6,6,5,6,5,9,7,5,6,5,9,6,5,8,8,5,6,5,5,6,6,5,6,5,9,5,9,7,5,6,7,13,5,9,5,6,5,5,9,8,9,5,9,7,5,6,8,7,6,5,9,5,9,5,9,7,6,6,5,7,13,5,9,6,5,6,5,6,5,8,6,5,6,5,7,5,2,11
1@1,3,7,10,12,4,5,10,10,7,4,7,10,12,4,5,4,10,6,12,7,4,10,5,4,12,7,4,10,5,12,12,7,4,10,5,12,12,7,4,10,5,4,7,10,12,4,5,10,12,7,4,10,5,6,10,6,2,11
-1@1,3,10,10,7,4,6,7,10,4,7,10,6,10,10,7,10,4,10,10,9,8,5,9,7,4,4,9,10,7,10,4,10,10,7,4,10,2,11
1@1,3,10,7,4,10,8,7,4,5,4,10,12,7,4,10,5,12,10,9,12,7,4,10,5,12,8,7,10,6,5,15,6,5,5,12,7,4,10,5,5,10,5,12,7,4,10,5,7,4,8,5,7,10,12,4,5,8,2,11
1@1,3,7,10,12,4,5,4,8,7,4,5,5,7,10,6,5,5,5,10,5,8,10,10,4,5,7,4,5,10,7,10,12,4,5,10,10,8,5,5,7,10,6,5,5,5,8,10,5,7,10,12,4,5,8,7,4,5,4,5,5,8,5,5,5,4,2,11
1@1,3,7,10,12,4,5,7,10,4,8,8,7,10,6,5,10,7,10,4,10,7,10,6,5,8,7,4,8,5,6,8,7,10,4,10,10,7,4,4,8,5,10,7,10,4,8,8,5,2,11
-1@1,3
1@1,3,7,10,12,4,5,8,7,4,8,5,5,10,10,12,7,4,10,5,7,10,12,4,5,8,5,5,7,4,5,5,7,10,6,5,12,7,4,10,5,12,10,10,7,5,4,5,2,11
1@1,3,7,10,6,7,6,7,10,5,6,7,5,6,7,10,6,8,7,5,6,7,6,7,10,6,7,10,6,8,7,5,6,7,6,7,5,6,7,10,6,7,10,6,8,7,5,6,8,7,10,5,6,5,9,8,7,5,6,8,7,5,6,7,10,5,6,7,6,7,10,5,6,7,5,6,10,8,7,6,5,7,6,8,7,5,6,7,2,11
1@1,3,12,7,4,10,5,12,12,7,4,10,5,12,4,4,7,4,7,10,12,4,5,10,5,7,10,4,7,10,4,7,10,4,12,7,4,10,5,12,4,4,7,10,12,4,5,7,10,4,12,7,4,10,5,12,7,10,12,4,5,7,10,4,10,5,10,12,7,4,10,5,12,9,7,4,6,8,5,14,2,11,14,14,14,14,14
-1@1,3,12,7,4,10,5,12,10,7,4,5,12,7,4,10,5,7,10,12,4,5,10,7,4,5,5,8,8,12,7,4,10,5,12,7,4,4,10,12,7,4,10,5,12,10,2,11
1@1,3,5,6,4,9,5,6,5,5,6,4,5,5,4,4,7,5,4,5,5,4,4,9,4,4,7,4,5,5,5,6,8,4,2,11
1@1,3,10,7,10,4,5,4,6,7,10,4,7,10,4,6,15,9,9,7,5,15,4,10,7,10,4,15,6,10,7,10,6,7,10,4,4,4,7,10,6,5,8,10,7,10,4,7,10,6,5,8,5,6,8,7,5,6,2,11
-1@1,3,10,7,4,4,8,7,10,4,7,4,7,10,12,4,5,8,5,5,9,5,12,7,4,10,5,12,7,10,12,4,5,10,7,6,7,10,2,11
1@1,3,8,4,6,5,5,6,8,10,5,6,8,4,7,4,5,4,4,5,15,4,15,5,7,13,5,9,4,5,5,4,4,5,7,5,4,6,5,5,9,5,13,5,9,2,11
1@1,3,7,10,12,4,5,12,7,4,10,5,12,7,10,12,4,5,10,7,10,12,4,5,12,7,4,10,5,10,7,4,10,10,12,7,4,10,5,12,7,10,12,4,5,12,7,4,10,5,12,12,7,4,10,5,10,5,12,7,4,10,5,10,7,10,12,4,5,10,7,4,4,8,5,2,11
1@1,3,4,5,4,6,5,15,6,5,7,5,4,10,9,5,9,7,5,4,5,5,5,5,9,5,9,5,9,5,5,10,4,8,5,4,5,6,7,4,7,10,4,5,2,11
1@1,3,6,5,10,6,5,5,5,5,6,5,6,5,6,5,7,5,5,6,5,5,5,5,6,6,5,8,8,5,5,5,5,7,6,8,2,11
1@1,3,6,5,6,6,5,5,4,5,4,8,5,6,6,5,7,6,5,13,5,8,5,5,4,15,5,5,6,5,6,5,7,5,4,13,5,8,6,5,2,11
1@1,3,7,10,6,7,10,4,6,7,4,5,6,7,10,4,4,10,7,4,4,6,7,10,4,7,10,4,4,5,6,10,7,5,6,8,8,7,4,4,6,7,4,4,5,6,10,7,5,6,8,10,7,4,6,8,7,4,6,8,7,10,4,6,10,2,11
1@1,3,7,10,12,4,5,7,10,6,5,9,7,10,12,4,5,7,10,6,5,5,12,7,4,10,5,10,8,5,7,4,12,7,4,10,5,10,9,7,4,7,10,6,5,9,10,7,10,4,10,10,7,10,12,4,5,12,7,4,10,5,9,7,4,12,7,4,10,5,10,10,8,5,10,12,7,4,10,5,12,10,7,10,12,4,5,12,7,4,10,5,12,7,10,6,7,10,12,4,5,7,10,12,4,5,4,10,7,4,4,2,11
1@1,3,5,4,5,9,8,7,5,5,6,8,6,5,5,5,6,9,9,7,15,5,4,6,5,9,8,5,9,7,5,5,6,8,4,7,5,4,9,6,5,6,5,4,7,2,11
1@1,3,6,5,9,6,5,7,5,4,4,15,6,5,6,5,5,4,8,7,5,4,6,5,8,6,5,4,5,6,5,5,4,6,8,2,11
1@1,3,7,10,12,4,5,8,7,4,5,7,10,6,5,8,5,8,7,10,6,5,8,5,10,12,7,4,10,5,12,8,5,12,7,4,10,5,8,5,7,10,12,4,5,8,7,4,5,8,5,5,8,5,6,7,10,15,5,6,7,5,4,2,11
1@1,3,12,7,4,10,5,12,4,8,8,8,7,10,4,12,7,4,10,5,12,7,10,12,4,5,12,7,4,10,5,4,4,8,7,4,4,8,8,4,10,5,12,7,4,10,5,12,7,4,10,5,7,10,12,4,5,5,8,12,7,4,10,5,12,8,7,4,5,12,7,4,10,5,2,11
-1@1,3,4,6,5,8,7,4,7,5,15,4,15,5,6,5,6,5,5,4,4,5,7,4,5,6,7,13,5,9,4,5,4,5,8,9,6,7,5,15,5,4,2,11
1@1,3,7,10,12,4,5,8,10,8,7,4,4,10,8,5,9,12,7,4,10,5,10,6,7,4,6,5,5,12,7,4,10,5,12,6,5,8,8,10,14,2,11,14,14,14
-1@1,3,5,10,10,8,10,10,10,10,10,10,10,10,8,8,10,10,10,10,10,10,10,10,8,8,8,5,7,6,10,10,10,8,8,10,8,8
1@1,3,6,5,9,7,5,4,5,6,8,7,5,15,4,15,5,5,5,4,8,5,6,7,10,4,6,5,8,6,5,10,8,4,15,5,5,6,8,4,5,6,5,8,7,4,2,11
1@1,3,7,4,6,12,7,4,10,5,12,6,12,7,4,10,5,12,6,8,10,7,6,5,8,8,6,6,8,6,8,5,7,10,12,4,5,6,6,8,7,4,5,8,7,4,2,11
1@1,3,10,12,10,4,5,9,5,6,7,10,4,5,4,5,10,5,7,10,5,4,10,8,5,7,4,7,6,10,10,4,5,10,7,10,5,6,10,10,7,6,2,11
-1@1,3,9,5,9,8,7,5,6,9,9,10,9,13,5,13,5,7,5,6,5,9,10,10,8,5,5,7,5,4,5,4,7,5,5,15,4,10,8,9,5,7,5,2,11
1@1,3,10,7,10,4,4,7,4,6,7,10,4,6,10,7,4,6,10,8,7,4,6,7,5,4,6,7,4,6,7,10,6,7,10,6,7,4,5,6,7,10,4,6,7,10,6,7,5,6,10,7,6,7,10,12,4,6,7,4,6,7,10,4,4,6,7,5,6,10,8,7,5,6,7,10,4,6,10,2,11
1@1,3,7,10,6,6,5,6,5,6,5,6,5,5,9,5,9,5,4,15,5,6,5,6,5,15,5,4,7,5,5,6,5,6,5,5,6,5,4,15,5,7,5,6,5,6,5,5,6,6,5,5,9,5,9,7,5,4,6,5,6,5,7,13,5,9,6,5,7,5,4,7,4,5,4,15,5,6,5,6,5,7,13,5,9,6,2,11
-1@1,3,10,10,7,10,4,6,10,7,10,4,6,10,7,4,6,7,10,4,4,6,10,7,6,10,10,8,7,4,4,4,6,10,7,10,6,9,7,5,6,7,4,5,5,6,10,8,7,10,4,6,7,7,6,7,10,4,6,8,7,4,5,6,10,7,10,4,6,7,10,6,7,10,4,4,6,7,10,4,6,10,8,10,8,10,7,5,5,6,7,4,4,6,7,5,4,6,7,4,6,7,10,6,7,7,2,11
-1@1,3,4,5,8,15,5,6,5,5,10,5,9,7,4,7,5,4,5,9,5,4,15,5,6,5,5,5,6,5,7,4,5,7,13,5,9,4,6,8,2,11
-1@1,3,10,7,4,4,7,10,4,15,6,7,10,6,10,6,7,4,15,15,6,10,10,8,7,5,4,10,10,10,12,7,4,10,5,12,2,11
-1@1,3,7,5,4,5,6,9,6,5,5,4,15,5,5,7,4,8,13,13,5,5,6,5,9,8,7,4,9,9,5,4,15,13,8,13,5,13,5,5,7,5,5,6,9,9,13,5,7,5,5,5,6,13,5,13,2,11
1@1,3,12,7,4,10,5,12,8,12,7,4,10,5,12,7,4,8,12,7,4,10,5,12,8,5,7,10,12,4,5,7,10,12,4,5,8,5,7,10,12,4,5,8,5,7,4,7,10,12,4,5,7,10,12,4,5,8,10,12,7,4,10,5,12,5,15,6,5,8,5,10,7,14,2,11,14,14,14,14
-1@1,3,5,6,5,8,8,6,5,5,6,7,5,5,6,8,5,6,7,5,6,5,8,7,5,6,8,6,8,10,8,7,5,6,8,8,7,5,6,5,5,6,5,8,10,2,11
-1@1,3,5,5,6,5,5,6,8,5,5,5,6,5,9,15,5,6,7,4,6,5,9,9,6,7,5,5,6,10,2,11
-1@1,3,10,7,4,10,4,10,10,4,15,8,6,12,7,4,10,5,9,10,12,7,4,10,5,7,4,9,10,12,7,4,10,5,12,10,8,5,12,7,4,10,5,12,12,7,4,10,5,2,11,1,3,12,7,4,10,5,12,12,7,4,10,5,10,7,4,5,5,10,4,5,7,10,12,4,5,10,7,4,5,4,7,4,5,7,10,12,4,5,10,4,10,5,10,2,11
-1@1,3,6,10,5,10,7,5,6,5,10,7,5,6,5,4,8,5,9,9,7,5,6,9,8,5,5,5,5,7,10,5,6,7,4,5,5,4,5,5,2,11
-1@1,3,7,6,5,8,6,8,4,6,5,7,5,6,5,9,4,8,10,8,7,4,7,5,6,5,4,9,9,9,9,14,14,2,11,14,14
-1@1,3,5,5,5,9,9,5,8,8,7,6,10,5,8,8,8,5,6,8,10,5,5,5,5,8,7,6,10,10,5,5,5,5,5,8,7,5,6,12,8,5,5,9,5,2,11
1@1,3,7,10,12,4,5,7,10,6,5,8,7,4,5,4,5,10,10,7,4,10,5,6,10,10,9,7,4,7,10,4,6,7,10,6,5,5,7,10,4,7,10,4,7,10,4,9,2,14,11,14,14,14
1@1,3,6,10,6,15,10,5,5,6,5,6,5,8,5,5,7,10,4,7,4,5,6,8,5,5,4,10,15,4,6,5,4,7,10,15,4,5,4,10,5,7,10,4,2,11
1@1,3,6,7,10,4,6,5,5,6,10,5,10,10,5,6,7,10,4,5,5,5,6,5,6,8,6,6,7,4,7,5,6,5,5,4,2,11
-1@1,3,10,7,10,6,8,5,9,9,5,9,8,8,5,8,8,8,8,8,8,10,10,8,8,8,8,7,6,5,10,10,8,8,8,8,8,8,8,8,8,8,8,8,8,8,8,8,8,8,8,8,10,10,8,8,8,8,8,8,8,10,8,8,8,8,8,8,8,7,6,10,10,7,6,5,10,10,10,8,8,8,5,8,8,8,8,8,8,5,8,8,10,2,11
-1@1,3,12,7,4,10,5,12,4,12,7,4,10,5,12,7,10,12,4,5,10,7,4,7,10,12,4,5,12,7,4,10,5,12,7,10,12,4,5,10,12,7,4,10,5,4,10,7,4,7,10,12,4,5,12,7,4,10,5,5,10,14,2,11,14,14,14
1@1,3,7,10,12,4,5,7,10,6,5,7,4,6,12,7,4,10,5,12,12,7,4,10,5,12,6,5,4,5,10,8,5,4,10,10,7,4,6,5,5,5,4,10,7,10,4,2,11
1@1,3,8,6,7,5,4,7,5,4,9,8,15,4,10,12,4,5,5,8,7,4,5,8,8,5,4,5,5,2,11
1@1,3,5,5,7,5,4,7,5,4,5,5,6,7,4,8,4,15,5,4,7,5,4,5,7,13,5,9,5,5,6,7,4,8,5,8,8,8,7,5,4,8,5,7,2,11
1@1,3,10,8,7,10,12,4,5,10,7,4,10,8,12,7,4,10,5,12,8,5,5,12,7,4,10,5,12,7,4,12,7,4,10,5,12,12,7,4,10,5,12,8,5,4,7,10,12,4,5,8,4,8,5,7,10,14,2,11,14,14,14
-1@1,3,8,6,4,5,8,8,8,8,10,15,5,6,12,8,5,6,5,5,10,8,8,8,7,6,10,10,5,5,5,5,5,5,5,5,5,8,5,5,5,5,4,5,6,10,5,5,5,5,5,5,5,5,8,7,6,5,4,5,2,11
1@1,3,7,10,6,10,10,7,10,6,8,10,10,8,7,6,5,9,9,10,10,10,6,8,7,10,5,6,9,9,8,9,9,2,11
-1@1,3,4,8,7,4,8,5,4,10,12,10,12,5,5,6,8,5,5,5,4,6,5,7,5,5,6,5,4,7,10,5,6,5,4,7,5,9,9,2,11
-1@1,3,7,10,12,4,5,8,10,7,4,5,4,8,5,7,10,12,4,5,7,4,5,5,5,10,7,4,5,10,5,5,4,12,7,4,10,5,10,9,7,4,5,2,11
-1@1,3,4,5,5,4,2,11
1@1,3,12,7,4,10,5,12,8,10,7,10,4,7,10,4,7,4,7,10,4,10,10,10,6,7,10,4,10,8,5,8,5,10,7,4,7,10,4,7,10,4,8,5,7,10,2,11
-1@1,3,15,4,5,4,7,5,4,15,5,4,7,5,5,4,8,5,6,5,6,5,8,4,5,7,4,5,15,4,2,11
1@3,1,8,8,8,7,5,6,6,5,9,9,8,8,7,5,5,6,8,7,5,5,6,8,5,5,5,5,6,8,5,6,9,6,13,5,6,5,6,5,13,5,6,7,4,8,2,11
1@1,3,12,7,4,10,5,12,7,4,8,12,7,4,10,5,12,7,10,6,5,7,10,12,4,5,4,4,9,12,7,4,10,5,12,7,10,6,8,5,10,12,7,4,10,5,12,4,7,4,10,10,12,7,4,10,5,12,10,4,7,10,6,5,5,12,7,4,10,5,7,10,12,4,5,14,2,11,14,14,14
-1@1,3,10,10,10,10,8,8,5,6,5,5,5,4,5,10,8,5,5,5,5,5,4,5,5,5,5,5,5,5,5,7,6,5,5,5,5,5,5,10,10,10,10,7,6,5,5,5,5,5,5,5,5,5,5,5,2,11
1@1,3,6,5,7,4,9,8,8,6,5,9,8,7,5,6,8,6,5,9,9,7,5,6,5,5,5,6,5,7,5,5,6,8,6,5,8,7,5,6,4,2,11
-1@1,3,10,7,10,12,4,5,8,7,10,12,4,5,6,10,7,4,8,4,7,10,6,5,10,7,4,6,6,7,4,10,5,12,7,4,10,5,2,11
-1@1,3,10,10,8,7,4,5,5,5,9,4,5,10,9,4,15,5,9,9,5,9,7,4,5,10,5,9,8,7,5,4,5,9,9,8,7,5,4,5,5,9,5,4,5,5,5,9,7,5,5,4,5,10,5,9,5,9,5,10,9,9,5,9,7,4,5,2,11
-1@1,3,5,7,4,7,5,4,5,5,4,5,7,4,5,4,7,4,7,4,5,4,15,7,5,4,5,5,4,8,7,5,4,15,5,5,5,13,5,9,7,5,4,5,5,4,5,5,5,5,6,7,5,4,7,5,5,4,5,9,9,9,2,11
-1@1,3,5,10,8,5,9,5,7,6,10,10,10,10,10,8,8,8,8,7,6,10,10,10,10,8,8,8,8,8,10,8,7,6,5,5,9,5,8,8,8,8,8,8,10,7,6,12,8,8,8,8,7,5,6,7,6,8,7,6,5,7,15,5,6,10,10,5,7,5,5,6,5,9,5,7,5,6,5,9,8,7,6,7,5,6,5,5,5,7,6,10,5,8,5,5,7,5,6,5,8,5,7,6,9,5,5,5,7,6,2,11
-1@3,1,10,7,10,12,4,5,6,7,4,5,15,6,8,8,12,7,4,10,5,8,5,10,10,7,4,10,8,5,6,7,4,8,7,2,11
1@1,3,4,5,5,4,5,6,5,6,5,5,6,5,9,9,9,5,5,5,5,6,7,4,5,5,6,5,4,5,4,6,8,5,6,10,8,5,5,6,14,2,11,14,14
1@1,3,8,5,4,5,6,4,5,5,5,6,10,5,6,10,8,7,4,8,5,5,6,10,8,7,10,4,9,8,7,4,7,4,10,9,9,6,5,10,6,5,10,9,8,8,10,8,7,5,5,5,5,6,5,7,10,5,6,2,11
1@1,3,10,6,5,9,10,5,6,10,8,10,10,8,8,7,5,6,15,5,10,8,5,6,7,5,6,7,10,6,15,5,5,5,6,10,10,7,10,4,8,2,11
1@1,3,7,10,12,4,5,7,10,12,4,5,7,10,6,5,10,5,7,4,6,5,8,8,5,6,8,5,5,6,8,5,8,7,4,4,7,10,6,5,10,6,5,10,9,5,6,5,5,7,10,12,4,5,5,10,7,4,5,5,5,2,11
1@1,3,10,8,8,7,4,15,6,6,8,8,8,8,7,10,12,4,5,15,15,6,5,8,8,8,15,6,12,7,4,10,5,12,6,8,5,7,10,12,4,5,7,10,15,6,9,8,10,10,7,4,15,2,11
1@1,3,12,7,4,10,5,12,10,7,4,10,10,8,7,4,7,10,12,4,5,8,5,8,5,8,10,12,7,4,10,5,12,4,8,5,7,4,8,8,4,8,10,8,5,12,7,4,10,5,12,12,7,4,10,5,8,7,10,12,4,5,10,10,7,4,4,5,2,11
-1@1,3,12,7,4,10,5,12,7,10,4,6,5,8,7,4,7,10,6,5,9,9,9,9,5,6,5,5,10,6,5,8,5,7,10,4,10,4,8,7,4,6,5,5,5,7,10,6,12,7,4,10,5,12,4,6,10,5,8,5,6,5,5,12,7,4,10,5,7,10,12,4,5,7,4,10,7,4,2,11
-1@3,1,7,10,12,4,5,7,10,5,6,9,8,7,4,5,5,7,10,12,4,5,10,10,8,5,7,10,6,5,5,5,5,7,10,6,5,7,4,10,5,4,5,10,12,7,4,10,5,7,10,6,5,9,9,7,10,6,5,5,7,10,12,4,5,7,4,9,4,9,10,8,5,14,2,11,14,14
1@1,3,8,6,5,5,9,5,9,5,9,5,9,5,7,4,7,4,5,6,5,5,6,5,5,9,4,5,5,4,5,7,5,4,5,6,5,9,6,7,5,5,6,5,8,2,11
-1@1,3,10,8,6,10,9,8,5,7,4,5,6,5,5,8,5,7,4,10,9,5,6,5,5,7,5,4,6,5,5,6,12,5,10,4,7,5,4,6,9,7,4,10,15,6,6,5,5,7,4,4,7,10,7,6,5,2,11
1@1,3,5,10,8,5,10,5,6,5,8,5,10,8,5,6,10,10,7,10,4,10,5,10,8,5,6,5,5,10,10,8,5,7,5,4,5,6,5,10,8,5,2,11
1@1,3,10,7,10,12,4,5,7,10,15,6,7,10,15,15,4,7,4,8,5,8,7,4,10,8,10,8,5,7,4,10,15,15,15,6,10,7,10,12,4,5,5,8,8,7,5,6,8,7,10,12,4,5,8,5,7,5,6,10,8,8,7,10,5,4,5,2,11
-1@1,3,10,7,4,5,10,12,7,4,10,5,12,10,6,7,10,6,5,9,5,10,5,12,7,4,10,5,8,5,7,10,6,5,7,4,5,5,5,2,11
1@1,3,10,7,10,4,7,10,4,10,7,4,9,10,10,10,10,12,6,5,9,4,10,2,11
-1@4,7,4,5,10,12,5,9,5,15,9,7,5,6,5,5,7,6,5,5,6,7,6,5,6,2,11
-1@1,3,10,7,4,8,12,7,4,10,5,7,10,12,4,5,7,10,12,4,5,12,7,4,10,5,12,7,10,12,4,5,10,9,9,12,7,4,10,5,12,4,7,4,10,10,14,2,14,11,14,14
-1@1,3,8,5,4,6,9,7,5,4,9,5,8,9,8,7,5,6,5,8,9,9,9,9,8,10,8,7,5,5,5,6,5,5,8,2,11
1@1,3,6,5,5,6,9,9,4,15,5,4,15,7,5,4,15,5,7,5,4,5,6,5,6,5,4,15,5,6,5,6,5,7,5,4,8,4,15,4,6,15,5,6,5,6,5,8,8,6,5,6,5,2,11
1@1,3,12,7,4,10,5,12,10,7,4,5,12,7,4,10,5,5,12,7,4,10,5,10,8,7,4,5,10,10,12,7,4,10,5,10,10,7,4,10,10,10,10,2,11
-1@1,3,7,10,4,7,10,4,10,10,7,10,4,6,5,10,7,4,4,7,4,8,5,7,10,4,6,10,8,5,7,10,6,8,10,9,7,4,5,8,5,2,11
1@1,3,8,5,5,6,5,8,8,7,5,4,5,7,6,5,5,4,6,5,8,8,5,8,8,5,5,5,8,7,6,5,4,5,5,5,8,5,5,5,2,11
-1@1,3,7,10,12,4,5,7,4,5,4,10,4,5,12,7,4,10,5,12,9,9,10,8,5,7,4,5,7,10,6,5,9,5,4,7,4,5,10,7,4,5,5,8,10,4,4,4,7,10,6,8,5,12,7,4,10,5,12,12,7,4,10,5,7,4,7,10,6,5,9,9,8,5,4,10,7,10,12,4,5,2,14,11,14,14,1,3,8,6,5,10,8,7,4,6,5,10,7,5,6,5,4,5,6,9,8,8,7,5,4,15,9,6,5,8,10,7,5,5,4,9,9,9,9,15,4,8,8,2,11
1@1,3,8,5,4,4,7,4,4,8,4,5,5,5,7,5,4,5,4,8,4,10,5,7,5,4,5,2,11
1@1,3,10,7,4,4,6,7,10,4,6,7,5,4,6,10,7,10,4,6,7,10,6,7,10,4,4,6,8,7,5,4,6,10,7,10,4,4,6,7,10,4,4,6,7,10,4,6,7,4,5,6,8,7,4,6,10,7,6,8,8,7,6,7,10,4,6,7,10,6,8,10,8,8,8,8,10,8,10,10,8,7,10,4,4,6,2,11
-1@1,3,10,7,4,5,10,7,10,6,5,10,5,5,10,7,4,10,5,12,7,4,10,5,12,5,8,2,11
1@1,3,7,10,12,4,5,7,10,6,5,8,7,4,8,5,7,10,4,8,5,5,8,7,4,7,10,6,5,5,8,8,10,7,10,12,4,5,7,10,12,4,5,8,6,5,10,8,5,7,10,6,5,8,5,2,14,11,14,14,14
1@1,3,10,10,8,7,4,10,7,10,4,4,10,8,10,4,6,5,10,7,10,4,7,10,4,7,10,4,4,8,5,7,4,6,10,4,8,5,2,11
-1@1,3,8,9,8,8,7,6,4,6,5,4,5,5,5,9,7,5,5,6,7,5,4,5,10,5,4,5,6,5,5,5,7,6,10,5,8,2,11
1@1,3,15,5,4,5,5,6,4,5,6,5,8,5,6,9,7,4,4,4,9,6,5,13,7,5,9,5,4,5,7,5,4,15,5,7,4,5,6,5,7,5,5,4,4,4,5,5,6,7,13,5,9,2,11
-1@1,3,5,4,15,5,7,6,8,7,5,4,5,5,6,5,4,15,5,7,5,5,4,7,5,4,6,5,13,5,9,7,4,7,5,4,15,5,5,5,5,6,4,5,6,2,11
1@1,3,4,5,4,5,5,9,5,10,5,9,6,5,5,4,5,5,6,5,5,9,8,5,10,9,4,5,4,5,5,5,5,6,5,4,5,13,13,5,9,5,5,8,8,7,4,5,5,8,5,8,5,5,9,5,5,5,4,5,2,11
1@1,3,12,7,4,10,5,12,8,6,4,4,7,4,4,8,8,5,15,4,12,7,4,10,5,4,5,7,10,12,4,5,7,2,11
1@1,3,5,4,7,10,4,7,4,5,4,15,8,4,7,4,5,5,6,7,5,5,6,5,8,7,5,5,6,5,7,10,5,5,6,5,6,14,2,11,14,14
-1@1,3,4,8,6,7,7,6,10,6,6,9,8,7,6,6,9,9,7,2,11
1@1,3,5,6,4,5,5,4,6,15,5,5,15,5,4,8,7,5,5,6,8,4,15,5,13,8,6,5,7,5,4,6,15,5,5,4,15,5,5,6,5,4,13,5,13,13,13,5,5,6,8,8,7,5,4,13,5,5,6,5,4,6,15,5,2,11
1@1,3,7,10,12,4,5,8,7,4,5,10,12,7,4,10,5,12,10,5,5,7,4,6,8,5,5,4,12,7,4,10,5,12,10,5,12,7,4,10,5,7,10,12,4,5,8,5,7,10,4,6,6,2,11
1@1,3,7,10,6,8,7,6,7,10,6,8,7,6,7,6,7,10,6,5,8,7,5,6,5,5,8,5,7,5,6,7,10,6,5,7,5,6,8,5,7,5,6,8,7,5,6,5,5,8,7,10,6,5,8,5,7,5,5,5,5,6,5,5,8,2,11
-1@1,3,10,8,7,4,4,8,5,4,10,6,8,4,10,8,7,4,5,4,10,5,12,7,4,10,5,12,7,10,12,4,5,8,5,4,4,7,10,6,5,8,5,7,4,8,5,7,10,12,7,4,10,5,12,8,7,4,5,10,8,4,7,10,12,4,5,9,7,2,11
-1@3,1,8,5,5,6,7,4,10,8,8,7,4,5,6,8,5,4,4,15,4,15,7,5,6,6,5,2,11
1@1,3,8,7,4,6,7,10,4,6,7,10,6,7,10,4,6,7,10,4,6,7,10,6,8,7,4,4,6,7,4,6,7,10,4,4,7,4,6,7,10,6,10,8,7,4,4,6,8,7,5,4,5,6,7,4,5,6,7,5,4,6,10,10,10,8,7,4,6,8,7,6,10,8,7,4,6,2,11
-1@1,3,10,8,7,4,8,8,5,8,7,4,4,10,9,9,8,7,10,6,5,10,4,8,5,9,8,7,4,10,8,4,8,5,5,10,8,8,7,4,4,10,7,10,12,4,5,4,8,5,6,2,11
-1@1,3,10,8,7,4,4,10,10,10,8,6,5,12,7,10,12,4,5,8,15,4,7,4,4,5,12,7,4,10,5,10,10,5,7,4,5,5,5,12,7,4,10,5,12,9,8,5,7,6,2,11
1@1,3,9,9,9,9,9,5,6,8,6,5,5,5,6,10,6,7,7,8,10,8,9,7,5,5,5,6,9,5,7,6,2,11
1@1,3,7,10,12,4,5,10,8,7,4,10,10,8,7,10,6,5,12,7,4,10,5,7,10,6,5,7,10,12,4,5,8,7,10,4,7,10,6,5,12,7,4,10,5,12,7,4,7,10,6,5,14,2,11,14,14
1@1,3,8,4,15,7,4,4,15,7,5,5,4,15,7,5,4,9,5,5,5,5,6,5,5,9,5,6,5,13,5,6,5,5,7,5,4,4,5,5,6,5,5,9,10,5,9,4,6,9,7,4,13,5,6,9,5,4,7,5,4,5,6,5,9,5,9,7,5,5,6,8,5,15,5,6,7,5,2,11
1@1,3,4,8,5,6,8,8,10,9,8,9,9,9,8,8,8,6,5,9,9,8,8,8,7,5,5,5,6,9,9,5,6,9,5,5,5,6,8,2,11
1@1,3,7,10,6,7,10,6,5,7,6,7,6,7,10,6,8,5,9,9,9,9,9,9,9,5,7,5,5,5,5,6,7,6,5,7,10,6,7,10,6,7,6,7,6,8,7,5,6,7,10,6,8,7,5,6,9,9,9,9,8,8,7,10,5,6,2,11
-1@1,3,9,9,9,9,9,9,5,5,9,8,9,7,5,5,6,10,8,7,6,5,5,6,8,6,5,10,7,5,5,6,5,4,9,9,8,10,10,8,8,7,5,6,5,2,11
-1@1,3,5,6,8,8,8,8,10,8,8,8,10,8,8,8,10,8,8,8,8,8,7,6,10,10,8,8,10,10,10,10,10,10,10,10,5,7,6,8,8,8,10,10,10,10,10,10,8,8,10,10,10,10,10,10,8,10,9,10,8,8,8,8,8,5,10,10,7,5,6,2,11
-1@1,3,7,10,6,10,8,8,10,10,7,4,7,10,6,5,10,8,8,8,4,8,10,10,8,8,7,4,10,8,5,4,9,10,8,8,4,5,8,5,7,4,7,2,11
1@1,3,10,7,6,10,8,10,6,7,10,12,4,5,5,12,7,4,10,5,15,6,8,10,5,7,10,5,6,10,15,4,8,10,7,4,5,9,9,9,2,11
1@1,3,12,7,4,10,5,12,4,10,8,8,7,4,5,10,12,7,4,10,5,7,10,4,10,8,10,5,8,5,10,6,10,12,7,4,10,5,12,7,10,12,4,5,10,8,5,10,7,6,2,11
-1@1,3,4,5,5,4,15,5,6,5,5,7,4,5,5,6,5,9,8,7,5,6,5,5,8,7,5,4,4,6,5,7,4,13,5,9,8,7,5,4,15,5,5,5,6,5,13,5,9,2,11
-1@1,3,7,10,6,7,10,4,4,6,7,10,4,6,8,7,4,5,6,7,4,6,7,10,4,6,7,10,4,5,4,10,7,4,5,6,7,10,6,7,4,6,8,10,8,7,4,6,7,10,4,5,6,10,7,4,6,7,10,4,4,6,8,7,4,6,7,10,4,4,6,7,4,6,10,7,6,7,10,4,6,8,7,4,4,5,6,7,10,4,4,6,10,2,11
1@1,3,5,9,5,5,4,5,6,5,7,5,4,5,4,5,9,5,9,5,5,9,5,8,5,5,10,5,6,5,9,5,9,8,13,5,9,7,5,4,5,5,4,5,9,5,9,5,6,9,8,13,7,5,9,4,5,7,5,2,11
1@1,3,10,7,10,12,4,5,10,8,7,4,5,10,7,10,12,4,5,9,12,7,4,10,5,12,10,8,12,7,4,10,5,12,10,5,7,10,12,4,5,10,9,9,10,7,2,11
1@1,3,6,5,5,5,9,9,8,7,5,4,6,5,5,6,7,5,4,6,5,8,6,5,9,7,5,4,5,9,7,5,4,5,5,8,7,5,4,5,7,5,6,7,13,5,9,5,4,15,5,8,7,5,4,7,5,4,15,5,5,7,4,5,7,5,4,5,8,2,11
-1@1,3,7,4,5,5,4,5,9,9,6,6,5,5,5,6,7,4,15,5,6,9,9,8,7,5,5,5,6,9,8,6,5,7,5,6,6,5,2,11
1@1,3,10,7,4,10,7,10,12,4,5,7,10,6,5,4,10,7,10,6,5,5,10,5,7,6,2,11
1@1,3,6,7,10,5,4,5,6,5,6,10,10,7,10,4,5,8,10,8,10,10,10,8,10,8,8,5,7,4,5,10,5,5,7,10,4,2,11
-1@1,3,12,7,4,10,5,12,7,4,5,5,5,7,10,6,5,10,12,7,4,10,5,12,5,7,10,15,6,7,4,7,10,6,5,5,10,8,4,6,5,7,10,6,5,5,10,12,7,4,10,5,10,4,7,10,6,5,7,4,5,10,5,7,4,14,2,11,14,14
1@3,1,4,5,5,5,6,5,8,6,5,7,10,4,5,10,7,5,4,10,5,5,5,5,6,7,5,4,9,9,8,4,6,5,5,7,2,11
1@1,3,10,8,7,10,12,4,5,10,7,4,12,7,4,10,5,12,15,4,8,5,7,10,6,5,8,8,12,7,4,10,5,4,10,7,4,7,4,7,10,6,5,7,10,12,4,5,4,8,8,10,8,8,2,11
1@1,3,12,7,4,10,5,12,8,7,4,5,5,8,12,7,4,10,5,12,7,4,10,5,8,12,7,4,10,5,10,5,7,10,6,5,8,5,4,8,5,5,8,7,4,5,12,7,4,10,5,12,5,5,15,6,5,10,7,10,4,15,5,2,11
-1@3,1,4,5,5,4,5,4,5,7,5,4,7,4,5,4,4,5,5,8,4,4,7,4,5,6,7,5,4,7,5,5,4,5,8,7,5,4,5,8,5,15,4,2,11
1@1,3,10,8,10,10,7,10,12,4,5,7,10,6,5,7,4,5,7,10,12,4,5,7,10,12,4,5,10,4,5,7,4,10,7,10,12,4,5,5,5,5,7,10,12,4,5,12,7,4,10,5,12,2,11
1@1,3,5,6,6,5,5,6,9,5,4,7,4,5,5,6,5,5,5,4,6,10,5,5,6,5,6,7,5,5,5,5,6,4,2,11
1@1,3,6,5,4,15,5,4,15,5,6,5,4,5,6,7,5,4,7,10,4,5,15,4,6,5,7,5,4,15,5,6,5,9,6,5,10,7,4,8,5,2,11
1@1,3,6,5,5,6,5,5,4,5,6,5,7,5,5,6,9,5,5,5,5,5,6,7,4,5,15,5,4,15,5,9,6,5,8,4,6,5,7,4,5,4,15,5,5,4,8,5,5,5,5,5,2,11,1,3,12,7,4,10,5,12,7,10,4,10,10,8,7,4,5,8,5,6,8,15,6,5,8,5,4,8,7,4,8,5,5,5,6,5,5,6,7,4,5,5,2,11
1@1,3,6,5,6,5,10,5,9,9,8,7,5,4,5,10,8,8,15,4,15,5,5,9,8,5,6,5,5,7,13,5,9,4,5,5,9,5,7,10,4,5,7,5,4,5,9,8,7,4,7,4,2,11
1@1,3,10,7,4,7,10,4,8,10,8,8,8,8,8,5,9,12,10,4,9,10,8,7,4,8,5,8,8,8,8,2,11
1@1,3,7,10,6,9,7,4,10,8,7,10,5,6,7,4,10,12,7,4,10,5,7,10,12,4,5,10,10,9,7,10,12,4,5,7,10,12,4,5,7,10,6,5,7,4,7,10,6,5,5,7,10,12,4,5,10,10,7,10,6,5,14,2,11,14,14,14,14
-1@1,3,6,5,5,7,4,5,6,9,9,5,7,6,8,7,5,5,6,8,8,5,5,5,6,4,8,8,7,5,15,4,9,5,6,5,6,9,9,9,2,11
-1@1,3,7,10,6,7,4,5,4,12,7,4,10,5,12,7,10,6,5,12,7,4,10,5,6,5,7,4,5,7,4,5,6,4,5,10,2,11
-1@3,1,5,7,10,12,4,5,12,7,4,10,5,12,10,7,4,5,7,10,12,4,5,5,10,8,10,5,10,10,10,9,5,7,4,5,12,7,4,10,5,12,7,10,4,5,10,5,5,4,5,2,11
1@1,3,4,6,15,5,6,5,8,4,15,5,6,5,6,9,10,7,15,4,15,5,6,5,8,5,4,15,8,5,6,5,8,6,5,8,5,5,4,15,6,5,4,15,5,5,9,7,5,6,5,8,7,5,6,8,2,11
-1@1,3,8,15,6,5,5,6,7,4,15,5,4,5,6,10,8,5,6,5,5,6,5,6,5,7,5,5,5,6,4,9,9,9,2,11
1@1,3,7,10,5,6,8,5,4,5,7,6,7,4,5,6,10,10,9,5,10,8,5,8,7,4,5,10,8,5,10,5,5,4,2,11
1@1,3,5,6,5,6,4,6,5,7,4,4,15,5,15,5,6,5,5,6,5,5,5,6,9,8,15,5,6,5,8,15,5,6,4,5,6,5,8,5,5,6,5,5,4,15,5,5,5,5,6,5,6,5,8,7,4,5,5,5,5,5,6,5,5,4,10,2,11
-1@1,3,5,7,4,5,12,7,4,10,5,12,4,4,4,10,9,9,10,10,5,5,7,4,10,7,10,4,7,4,5,5,7,4,4,5,12,7,4,10,5,12,7,10,12,4,5,7,10,12,4,5,5,7,10,12,4,5,10,8,5,2,11
1@1,3,7,10,6,9,8,8,7,4,6,10,8,7,4,4,6,7,10,4,6,7,5,6,7,10,4,4,6,10,7,4,4,4,5,6,7,10,4,6,7,10,4,7,4,5,4,6,10,7,4,4,4,6,10,7,10,4,5,6,7,10,6,10,7,5,6,5,8,7,10,4,4,5,4,6,8,2,11
1@3,1,7,10,12,4,5,9,10,7,10,12,4,5,10,5,7,4,12,7,4,10,5,10,10,8,5,8,12,7,4,10,5,12,12,7,4,10,5,7,10,6,5,5,7,10,12,4,5,10,8,10,7,10,6,5,7,10,6,5,5,10,5,8,5,8,5,7,10,12,4,5,5,14,2,11,14,14,14
1@3,1,12,7,4,10,5,12,12,7,4,10,5,12,10,7,4,7,10,4,12,7,4,10,5,12,7,4,10,5,12,10,12,7,4,10,5,12,10,7,10,12,4,5,10,10,5,10,7,4,10,7,10,12,4,5,10,2,11
1@1,3,5,8,10,8,7,4,7,10,4,6,7,10,4,5,4,5,6,8,5,5,10,10,5,5,7,4,8,4,2,11
1@3,1,7,10,6,7,4,7,10,4,6,10,8,6,7,10,4,6,7,10,4,6,10,10,10,7,4,7,4,7,10,5,4,7,10,2,11
1@3,1,5,5,5,5,5,5,5,9,9,5,5,5,5,2,11
1@1,3,12,7,4,10,5,12,4,6,5,8,12,7,4,10,5,12,7,10,12,4,5,6,5,5,7,4,8,5,12,7,4,10,5,12,7,10,12,4,5,8,7,4,4,10,12,7,4,10,5,4,12,7,4,10,5,12,10,8,5,4,8,12,7,4,10,5,12,7,2,11
-1@1,3,5,5,4,4,2,11
-1@1,3,5,9,4,5,5,9,7,5,15,4,15,5,5,9,4,4,5,7,4,5,4,15,5,5,5,7,5,4,5,6,4,5,5,4,15,5,5,7,5,4,5,5,5,5,6,5,5,7,4,5,13,5,9,5,4,5,7,4,5,6,5,2,11
1@1,3,5,4,6,5,5,6,5,7,5,4,10,5,5,7,5,4,5,5,9,9,5,9,7,5,4,6,5,9,8,5,4,5,9,5,7,5,6,6,5,8,7,6,5,2,11
1@1,3,9,5,5,5,9,7,4,5,5,5,5,5,5,5,2,11
1@1,3,10,7,4,8,8,4,10,7,5,6,10,8,10,10,8,7,10,15,6,8,8,10,8,7,5,5,6,8,8,8,7,10,5,5,5,6,8,2,11
1@1,3,15,4,8,8,5,7,5,6,5,9,8,8,7,5,4,6,15,5,7,4,8,6,13,4,5,5,4,5,15,5,4,13,5,13,5,8,8,6,5,5,8,7,4,13,5,5,5,4,13,5,5,7,6,6,13,5,13,5,13,5,6,5,8,8,2,11
1@1,3,5,4,15,5,5,6,5,7,4,6,5,6,5,5,4,5,4,15,5,8,7,5,4,5,7,5,4,5,5,7,4,5,7,5,4,4,15,5,7,4,5,7,5,4,5,6,5,7,5,6,4,15,5,8,7,5,4,5,6,5,5,7,4,5,2,11
1@1,3,7,10,12,4,5,9,9,7,10,12,4,5,12,7,4,10,5,10,7,10,12,4,5,7,10,12,4,5,7,4,7,10,4,6,5,12,7,4,10,5,12,7,4,10,5,12,10,12,7,4,10,5,12,7,4,10,5,12,7,10,6,5,8,2,11
1@1,3,7,5,4,6,5,9,9,8,5,5,5,6,5,6,7,5,4,13,5,9,5,8,10,7,5,4,5,7,10,4,8,8,8,9,9,2,11
-1@1,3,12,7,4,10,5,5,10,7,4,5,8,8,5,5,10,5,7,4,5,7,10,12,4,5,4,10,5,7,4,10,10,7,4,5,5,7,4,5,7,10,4,6,10,5,8,5,7,10,12,4,5,10,5,6,7,4,5,8,10,8,6,2,11
-1@1,3,7,10,12,4,5,7,4,10,5,4,12,7,4,10,5,7,10,12,4,5,10,7,4,10,10,8,5,5,10,7,4,5,4,12,7,4,10,5,12,5,4,7,10,12,4,5,4,5,7,10,4,2,11
1@8,7,4,15,4,8,8,8,7,10,4,7,5,6,7,4,5,2,11
1@1,3,12,7,4,10,5,10,7,4,5,10,5,7,4,4,7,10,12,4,5,4,7,4,7,10,12,4,5,6,4,6,8,5,10,10,7,4,5,6,5,9,7,6,8,5,2,11
1@1,3,5,6,6,5,5,6,5,5,5,5,6,4,5,5,5,6,8,10,6,5,6,5,9,5,4,10,5,5,5,6,7,5,5,4,5,4,10,12,6,5,6,8,10,9,9,9,2,11
1@1,3,7,10,12,4,5,10,7,4,4,6,12,7,4,10,5,10,7,10,12,4,5,5,4,10,12,7,4,10,5,12,7,10,6,5,5,4,7,4,5,6,4,4,2,11,1,3,6,8,7,5,6,7,5,4,5,5,4,5,4,5,4,5,7,4,5,8,5,4,7,4,5,4,7,5,4,14,2,11,14,14,14,14,14
1@1,3,12,7,4,10,5,7,10,12,4,5,7,4,4,12,7,4,10,5,12,7,4,10,5,7,10,12,4,5,7,10,12,4,5,10,10,10,7,10,12,4,5,10,7,4,10,5,2,11
1@1,3,10,10,8,5,5,5,5,10,8,7,4,5,5,6,9,8,5,10,10,8,5,10,4,5,8,4,10,5,8,5,5,4,5,5,5,5,6,7,10,4,8,2,11
-1@1,3,8,8,10,5,6,5,8,7,5,6,5,9,7,10,5,6,4,7,10,5,6,10,10,10,7,5,6,5,10,5,5,5,6,10,6,7,5,5,6,5,8,2,11
-1@3,1,10,7,4,5,10,10,8,7,10,12,4,5,7,10,6,5,9,9,8,5,4,4,4,6,10,10,8,8,7,4,5,9,10,10,10,5,2,11
1@3,1,7,10,12,4,5,10,7,4,5,10,7,4,15,5,6,7,10,4,7,10,6,5,8,8,12,7,4,10,5,7,10,4,7,4,7,10,4,7,10,4,8,5,10,7,2,11,3,1,10,12,7,4,10,5,12,5,7,4,5,5,7,10,12,4,5,5,10,10,6,7,4,5,6,5,5,10,5,8,5,10,7,4,15,5,15,5,15,5,6,2,11
1@1,3,4,5,6,6,8,10,5,6,7,4,15,4,4,15,5,6,6,7,5,4,6,5,5,6,5,5,6,9,4,9,2,14,11,14,14
1@1,3,7,10,4,7,10,4,8,8,10,7,10,4,8,7,4,5,8,10,5,8,5,7,10,4,7,10,5,4,10,7,10,4,8,7,10,5,4,6,7,5,8,2,11
-1@1,3,12,7,4,10,5,12,9,4
1@1,3,12,7,4,10,5,12,7,10,12,4,5,8,7,4,8,8,6,8,5,5,5,4,8,5,6,8,7,4,4,7,10,6,5,7,4,10,7,10,12,4,5,7,10,12,4,5,8,5,4,12,7,4,10,5,12,10,8,5,8,4,8,7,4,2,11,1,3,4,5,6,5,5,9,5,5,5,9,7,4,5,6,5,5,7,4,5,7,4,5,5,6,5,9,8,6,5,8,6,5,5,9,9,5,9,6,5,13,7,5,9,4,5,6,8,7,4,5,8,5,13,14,2,11,14,14,14,14
1@1,3,12,7,4,10,5,12,7,10,6,5,12,7,4,10,5,12,7,10,6,5,5,7,4,10,6,10,8,5,10,10,4,8,8,7,4,5,10,14,2,11,14,14,14,14
1@3,1,12,7,4,10,5,4,6,7,10,6,5,7,4,12,7,4,10,5,7,10,4,10,7,10,12,4,5,4,5,10,12,7,4,10,5,10,7,10,12,4,5,12,7,4,10,5,12,12,7,4,10,5,7,10,12,4,5,2,11
1@1,3,12,7,4,10,5,12,7,10,12,4,5,15,6,7,10,12,4,5,7,4,4,7,10,12,4,5,4,4,4,6,5,5,10,5,4,5,7,10,12,4,5,7,4,6,8,5,10,6,8,5,4,6,6,7,2,11
-1@1,3,10,10,10,10,10,7,5,5,6,8,7,5,6,10,10,10,10,7,10,8,8,5,5,10,10,8,5,9,10,8,7,6,7,5,6,5,9,7,4,10,10,10,2,11
1@1,3,7,10,12,4,5,10,10,7,4,6,7,10,4,8,7,10,4,8,7,10,4,7,10,4,10,10,8,5,10,7,4,7,10,4,7,10,4,10,8,5,8,8,5,2,11
1@1,3,5,4,4,4,6,5,8,5,15,4,15,5,5,8,5,5,4,6,15,5,7,5,4,15,5,5,8,5,9,7,13,5,9,6,5,5,6,5,5,5,4,2,11
1@1,3,6,8,5,5,6,6,5,9,8,10,5,6,5,5,6,6,10,4,5,5,6,8,7,5,6,5,7,5,6,5,4,6,5,8,8,5,5,5,6,14,2,11,14,14,14
-1@1,3,10,10,8,8,8,8,8,8,8,8,8,9,5,9,5,5,5,8,5,5,5,6,4,10,10,5,5,8,5,5,8,7,6,10,10,10,5,8,8,8,8,5,8,8,5,5,5,9,5,5,7,5,5,5,5,5,5,5,7,5,6,5,9,5,5,10,5,5,8,10,5,2,11
-1@1,3,5,8,8,7,6,10,10,10,10,8,7,6,7,10,6,7,5,6,5,8,10,8,8,7,15,6,5,10,10,8,7,6,5,5,9,8,8,7,6,7,6,8,7,6,7,6,7,6,8,8,8,10,7,6,8,8,10,10,10,10,5,8,8,10,7,6,8,8,7,6,7,2,11
1@3,1,7,10,12,4,5,10,7,10,12,4,5,7,4,12,7,4,10,5,5,12,7,4,10,5,12,7,4,10,5,12,7,10,4,7,10,12,4,5,8,5,5,12,7,4,10,5,12,8,5,4,7,10,12,4,5,12,7,4,10,5,12,10,10,7,4,8,8,5,14,2,11,14,14,14,14
1@1,3,4,6,6,6,5,5,6,8,7,4,10,6,5,5,10,4,10,8,5,8,8,2,11
1@1,3,7,10,12,4,5,7,10,6,5,7,10,12,4,5,7,10,6,5,7,4,10,7,10,12,4,5,12,7,4,10,5,9,8,5,8,12,7,4,10,5,12,7,10,6,5,12,7,4,10,5,12,7,10,12,4,5,8,6,7,10,12,4,5,6,7,10,6,5,6,10,10,10,8,5,7,10,6,5,2,11
-1@1,3,5,15,4,5,7,4,5,4,5,5,4,4,5,7,5,4,5,5,5,5,4,5,7,5,4,5,5,5,9,5,5,9,6,5,4,15,7,5,4,5,6,5,8,2,11
1@1,3,4,6,5,4,5,4,6,4,5,4,5,5,4,9,8,7,4,6,5,4,5,4,7,5,5,4,5,6,4,2,11
1@3,1,12,7,4,10,5,12,8,8,5,6,8,7,4,4,4,15,8,10,4,6,5,8,10,7,10,6,5,10,8,7,4,5,6,5,5,8,2,11
-1@1,3,10,7,4,4,10,6,8,6,10,5,4,7,4,8,5,6,7,4,5,9,9,10,7,10,4,4,7,4,4,4,4,10,6,2,11
1@1,3,8,8,5,5,5,4,5,8,8,8,8,8,8,5,8,8,8,5,8,6,10,5,8,5,7,4,5,8,5,8,8,8,10,8,8,8,5,10,9,6,8,5,8,5,5,8,8,5,5,5,8,5,9,7,5,2,11
1@1,3,5,5,7,5,8,5,5,7,5,6,5,8,7,6,6,5,5,8,7,4,8,5,5,6,10,5,8,5,5,7,6,5,10,8,5,5,6,8,2,11
1@1,3,10,8,4,8,7,5,4,8,6,8,8,15,15,5,6,8,5,6,8,6,5,5,7,4,5,6,5,5,8,5,5,6,7,10,12,4,5,8,5,8,6,7,10,12,4,5,8,5,7,10,12,4,5,6,2,11
1@1,3,5,10,8,5,7,10,4,5,7,10,4,10,4,5,10,4,10,5,6,10,9,5,5,10,7,5,4,5,8,8,5,5,8,7,4,10,9,7,10,4,10,10,8,5,2,11
1@1,3,8,4,5,9,8,7,4,5,6,5,7,5,4,5,5,8,4,5,9,4,5,7,5,4,5,4,5,7,5,4,5,5,9,9,5,8,4,5,7,4,5,5,9,5,5,5,7,5,4,5,5,9,2,11
-1@1,3,5,5,8,8,8,8,7,6,5,10,8,8,8,10,10,8,10,7,6,5,9,8,8,8,8,5,7,6,10,10,5,9,7,6,5,9,9,7,6,5,5,8,10,8,7,15,6,10,7,6,7,10,6,8,8,7,6,7,6,5,8,8,8,8,8,8,8,10,8,8,10,10,7,6,5,10,10,10,8,8,8,8,7,15,6,10,10,8,8,8,10,5,2,11
-1@1,3,10,12,7,4,10,5,10,7,4,10,10,8,7,10,4,7,10,6,5,9,6,5,9,9,7,4,5,7,10,12,4,5,10,2,11
1@1,3,5,6,9,5,4,8,5,5,5,4,15,8,5,6,9,9,9,9,8,7,5,4,6,15,5,9,10,8,7,5,5,6,5,9,6,5,6,5,13,5,6,9,9,2,11
-1@1,3,10,8,7,10,4,8,7,4,6,8,8,5,7,4,10,9,9,8,8,5,6,9,8,7,7,4,4,6,7,10,4,15,6,5,9,8,5,6,8,7,4,8,5,8,9,8,7,4,8,6,5,5,9,9,2,11
1@1,3,10,7,4,5,4,8,4,8,10,10,7,10,12,4,5,8,5,9,8,7,4,5,8,10,8,8,7,4,5,7,10,6,5,8,5,8,8,7,4,8,10,8,8,8,5,8,8,7,2,11
-1@1,3,5,9,7,5,4,5,5,5,5,4,5,4,15,5,9,7,5,4,5,7,5,4,5,5,7,5,4,5,6,5,5,9,5,4,7,5,4,7,5,4,5,5,5,4,7,4,15,4,5,5,5,5,6,5,7,4,5,5,6,5,9,5,2,11
1@1,3,10,7,4,7,10,12,4,5,7,10,12,4,5,7,10,12,4,5,4,10,10,4,12,7,4,10,5,4,10,7,10,12,4,5,4,4,10,8,5,7,4,5,12,7,4,10,5,12,12,7,4,10,5,4,4,4,4,14,2,11,14,14,14,14
-1@1,3,5,4,7,5,4,15,5,6,5,8,6,5,6,5,6,5,7,5,5,4,15,5,4,15,8,5,7,5,5,5,6,5,8,5,5,4,15,5,7,5,5,4,15,5,7,5,6,2,11
-1@1,3,10,7,5,6,8,9,10,7,10,7,5,5,4,7,10,5,5,6,8,10,7,4,10,6,5,8,2,11
-1@1,3,10,12,7,10,4,7,5,4,7,10,6,8,8,8,7,10,4,10,7,5,4,7,10,4,4,15,8,8,5,10,10,10,6,9,8,10,4,5,10,12,10,7,10,4,7,4,12,7,4,10,5,10,7,10,4,5,6,8,5,5,10,10,7,10,12,4,5,5,2,11
-1@1,3,7,10,12,4,5,7,4,5,6,5,7,4,6,5,5,4,6,7,10,6,5,7,4,4,12,7,4,10,5,10,5,5,4,15,5,4,7,4,5,4,5,6,2,11
1@1,3,10,7,10,4,4,4,10,4,9,8,7,4,10,10,10,7,10,5,4,15,6,6,10,5,7,10,4,10,5,4,8,7,4,5,7,10,5,6,8,8,14,14,2,11,14,14,14,14
1@1,3,12,7,4,10,5,12,10,5,10,10,7,10,4,7,4,4,5,10,5,12,7,4,10,5,12,7,10,12,4,5,10,8,5,5,7,4,10,5,12,7,4,10,5,12,10,5,4,2,11
-1@1,3,6,5,7,5,5,6,5,5,5,6,5,5,5,6,7,4,5,10,4,5,4,5,7,5,6,9,7,6,2,11
1@1,3,4,5,5,5,4,5,6,7,5,15,5,6,4,5,6,5,6,7,5,4,5,6,5,5,5,7,5,4,5,6,5,7,13,5,9,4,5,9,8,5,4,5,5,5,10,13,5,9,2,11,1,3,10,7,6,10,7,10,12,4,5,7,10,12,4,5,6,12,7,4,10,5,12,7,4,4,9,6,9,9,10,4,10,4,5,4,12,7,4,10,5,12,8,5,5,2,11
-1@1,3,7,4,6,8,5,5,4,7,5,5,5,6,7,5,4,8,7,5,6,4,15,5,9,8,7,5,4,15,5,6,9,8,13,10,6,5,4,8,13,5,13,2,11
1@1,3,10,12,7,4,10,5,12,7,4,10,5,15,4,7,10,12,4,5,7,10,12,4,5,12,7,4,10,5,12,10,8,5,7,4,8,7,4,5,10,2,11
-1@1,3,12,7,4,10,5,12,4,7,10,12,4,5,10,12,7,4,10,5,12,7,10,12,4,5,7,4,5,6,5,5,10,5,12,7,4,10,5,12,7,4,10,5,10,5,7,6,2,11
1@1,3,7,10,5,5,6,5,5,9,9,5,9,7,6,5,5,9,8,7,5,6,5,7,5,15,5,6,5,9,5,9,7,5,6,5,7,5,5,6,5,5,9,10,5,8,7,5,5,6,5,5,9,8,5,7,6,5,5,9,7,5,6,7,5,15,6,5,9,9,5,9,7,5,6,5,5,9,7,10,5,7,7,10,5,6,7,6,5,8,10,7,5,2,11
1@3,1,7,10,12,4,5,7,10,4,8,10,8,7,4,4,8,7,10,4,8,5,10,8,8,10,7,10,4,7,10,4,7,4,8,5,15,6,15,2,11
-1@1,7,10,5,6,5,10,7,5,5,6,7,5,6,8,7,10,5,5,5,6,7,6,8,7,5,6,5,7,6,5,10,9,9,8,8,7,5,5,6,8,7,5,6,5,9,8,10,8,8,8,8,7,5,6,9,7,5,5,5,10,8,7,5,5,6,7,5,6,10,9,7,10,5,5,6,9,8,2,11
-1@1,3,8,6,5,15,5,4,6,5,8,7,4,15,5,6,5,4,6,5,8,5,15,4,5,5,6,7,5,5,6,15,4,5,4,15,4,6,5,7,5,6,5,5,4,7,5,5,6,2,11
1@1,3,7,10,4,6,7,10,4,6,7,10,8,4,5,5,5,6,7,10,4,5,4,6,7,5,6,7,4,6,7,10,6,7,5,4,6,7,4,5,6,7,6,7,9,9,9,7,4,5,6,7,10,4,5,4,6,7,5,6,7,10,4,5,8,6,5,7,5,4,5,6,7,4,6,10,7,5,6,7,4,4,5,6,7,9,6,10,7,4,4,6,10,12,7,4,6,8,8,7,5,6,7,6,7,10,6,10,8,7,4,5,4,6,7,10,4,4,5,6,10,7,4,4,5,6,8,8,5,8,7,10,7,6,10,2,11
1@1,3,5,9,5,4,15,4,5,5,4,4,7,5,6,5,5,8,7,4,4,5,5,6,5,8,7,5,4,5,9,8,5,5,9,2,11
-1@1,3,5,8,7,4,6,5,10,6,5,8,4,4,7,10,12,4,5,6,4,5,4,4,10,8,7,4,8,5,10,8,5,5,10,8,7,4,5,10,8,8,6,8,4,15,4,15,6,5,7,4,5,10,2,11
1@1,3,5,10,5,5,6,6,5,4,5,10,7,4,5,8,15,4,10,4,5,15,4,10,10,10,7,4,5,10,5,8,7,4,5,10,5,7,4,7,10,4,7,10,2,11
-1@1,3,5,8,5,5,9,10,5,10,8,8,8,8,8,10,10,5,9,5,5,5,5,7,6,5,9,5,5,5,5,5,5,5,9,5,9,5,9,5,5,5,5,5,5,5,5,7,5,6,5,5,5,5,5,9,8,5,5,9,5,5,5,2,11
-1@1,3,7,5,6,5,5,4,15,5,6,8,7,6,5,5,6,5,5,10,9,7,5,5,6,5,6,5,7,2,11
1@1,3,10,10,8,7,4,6,8,8,8,9,8,7,4,7,10,4,10,8,5,6,5,7,10,4,8,5,7,10,6,5,7,4,2,11
1@1,3,9,6,5,9,6,5,9,9,7,4,5,8,7,4,9,8,6,5,7,6,5,5,7,5,6,9,8,7,5,4,9,6,5,5,6,5,8,7,5,4,2,11
-1@1,3,5,8,7,6,5,5,6,5,5,5,5,5,5,5,4,5,7,5,4,5,5,5,9,7,10,4,5,5,5,4,5,5,5,5,5,8,5,8,8,10,8,5,5,7,5,7,6,2,11
1@1,3,10,8,7,4,7,10,12,4,5,8,7,10,4,6,5,7,10,12,4,5,7,10,4,12,7,4,10,5,12,8,5,10,7,10,12,4,5,6,12,7,4,10,5,10,15,6,10,8,7,5,4,10,7,10,12,10,2,11
-1@1,3,10,10,10,8,5,6,8,8,5,10,10,5,8,8,4,5,7,4,10,10,8,8,5,8,5,5,10,10,12,7,5,4,10,8,5,10,2,11
1@1,3,5,5,9,6,7,5,4,15,5,5,5,6,5,10,6,5,8,10,6,7,5,4,15,5,6,5,15,6,10,5,9,5,15,4,7,10,5,5,4,15,5,5,7,6,5,5,8,5,15,5,2,11
-1@1,3,12,7,4,10,5,12,10,7,4,7,10,12,4,5,12,7,4,10,5,12,7,10,12,4,5,5,12,7,4,10,5,12,7,4,8,5,5,7,4,12,7,4,10,5,12,10,10,5,10,7,4,8,5,7,4,12,7,4,10,5,12,7,4,10,5,7,10,12,4,5,7,10,12,4,5,10,10,7,4,10,14,2,11,14,14,14,14,14,14
-1@1,3,10,7,4,10,10,4,4,4,7,10,6,5,5,12,7,4,10,5,10,10,10,7,4,10,5,5,7,10,12,4,5,7,4,10,4,4,12,7,4,10,5,12,5,12,7,4,10,5,12,2,11
1@1,3,7,10,12,4,5,8,10,7,4,8,8,10,7,10,15,6,4,7,4,5,4,8,5,4,8,7,4,8,6,6,12,7,4,10,5,12,10,7,10,12,4,5,7,10,4,4,5,2,11
-1@1,3,4,5,4,5,7,5,15,4,15,5,4,6,5,4,5,5,4,4,7,5,4,8,5,13,5,9,4,5,5,8,5,4,15,5,6,5,6,5,8,2,11
-1@1,3,10,10,10,8,8,8,8,8,10,10,15,15,6,10,10,8,8,10,8,8,7,6,10,5,10,8,8,10,8,8,8,8,8,8,8,10,10,8,8,5,8,8,8,10,10,10,8,5,7,6,5,5,5,5,5,10,5,5,5,5,5,8,5,10,10,5,5,8,10,10,5,8,8,5,7,6,5,5,5,5,5,5,10,8,5,2,11
1@1,3,10,7,4,5,7,10,12,4,5,5,10,5,6,7,10,12,4,5,7,7,10,4,5,5,5,5,15,15,5,4,10,12,7,4,10,5,7,10,6,5,5,7,10,12,4,5,6,2,11
1@3,1,15,5,6,8,8,5,5,6,7,5,5,6,5,10,5,5,6,8,7,5,5,6,5,5,6,5,5,8,7,5,5,5,5,6,9,7,10,4,15,4,5,6,5,5,4,8,2,11
1@1,3,10,8,7,4,8,4,10,9,8,8,7,4,8,15,4,4,6,7,10,6,5,8,5,8,7,4,8,5,12,7,4,10,5,10,2,11
1@1,3,10,6,10,8,8,8,8,8,10,10,10,8,8,6,6,8,8,10,5,5,9,5,7,4,5,6,8,8,5,5,10,10,8,8,8,8,10,8,5,8,5,5,10,10,5,5,5,5,8,10,10,10,5,8,10,7,6,10,5,5,5,10,10,10,8,8,10,10,5,8,5,5,5,7,5,6,5,10,5,10,10,10,8,8,8,8,8,10,8,8,8,8,10,10,10,10,8,8,8,8,8,8,8,8,8,5,8,8,8,2,11
1@3,1,10,8,7,4,6,12,7,10,4,7,10,12,4,5,10,6,7,5,4,10,5,10,7,4,7,4,7,15,6,10,2,11
-1@1,3,8,8,5,4,5,10,8,4,5,10,10,9,5,5,6,5,5,9,7,5,6,6,8,10,5,9,8,5,9,5,9,4,5,5,6,5,8,5,9,8,7,5,4,5,5,5,6,4,5,5,9,5,5,9,2,11
1@1,3,12,7,4,10,5,12,7,10,6,5,7,4,5,12,7,4,10,5,8,10,5,7,4,5,10,12,7,4,10,5,12,7,10,6,5,5,12,7,4,10,5,12,4,5,7,4,12,7,4,10,5,12,7,4,10,5,12,7,4,10,5,12,10,5,12,7,4,10,5,12,5,2,11
1@3,1,10,7,4,10,4,7,10,4,7,10,4,8,12,7,10,4,10,10,10,7,4,8,5,10,7,4,4,10,8,5,7,10,4,10,8,10,8,7,2,11
-1@1,3,7,10,12,4,5,12,7,4,10,5,12,12,7,4,10,5,10,7,4,5,10,10,7,10,12,4,5,5,12,7,4,10,5,12,10,5,4,5,5,6,5,7,10,12,4,5,7,4,5,12,7,4,10,5,4,10,5,8,4,4,10,10,7,10,12,4,5,5,7,10,12,4,5,10,10,2,11
-1@1,3,10,12,7,4,10,5,10,10,8,7,4,4,5,5,10,10,10,10,9,7,6,4,5,8,5,10,10,8,5,7,10,12,4,5,10,7,10,12,4,5,10,7,4,4,4,2,11
1@3,1,7,10,12,4,5,12,7,4,10,5,12,5,8,7,4,5,8,4,5,5,10,8,5,7,10,6,5,8,5,5,12,7,4,10,5,12,8,8,10,7,4,5,10,5,7,10,4,4,7,10,12,4,5,8,5,2,11
-1@15,4,10,10,10,7,10,12,4,5,2,11,10,4,5,8,7,4,5,10,2,11
-1@1,3,15,6,10,5,5,5,5,7,6,5,5,5,10,10,8,5,8,8,8,5,8,8,5,10,8,8,5,8,5,5,5,5,5,8,7,4,10,5,5,8,8,5,8,8,8,5,5,5,9,5,8,5,5,5,9,4,5,6,5,7,15,5,6,5,10,10,5,5,10,10,8,2,11
-1@1,3,7,10,4,10,8,7,4,10,4,7,10,4,10,10,10,7,10,4,10,8,10,8,5,6,10,7,10,4,8,5,10,10,7,4,8,2,11
-1@1,3,8,8,5,7,4,5,4,7,10,15,6,10,10,12,10,10,8,5,4,15,10,9,8,4,6,4,5,10,7,4,5,7,10,6,5,4,5,8,5,8,8,2,11
1@1,3,5,10,5,10,7,4,5,5,7,5,6,6,5,10,10,4,5,6,10,5,5,6,6,5,5,2,11
1@1,3,7,4,6,5,5,7,5,4,5,4,5,5,8,4,6,5,5,9,7,5,8,5,6,5,5,6,6,4,5,5,9,8,4,2,11
-1@3,1,7,10,12,4,5,12,7,4,10,5,12,10,7,10,6,5,8,10,7,4,5,7,10,4,12,7,4,10,5,7,10,6,5,5,5,7,10,12,4,5,7,10,6,5,8,5,9,8,4,10,7,4,5,4,7,10,6,5,5,2,11,3,1,5,6,5,4,6,7,5,4,6,5,4,7,4,5,4,15,5,5,5,6,5,4,15,5,7,5,8,7,5,4,15,13,5,9,5,5,5,15,5,4,15,5,2,11
1@1,3,12,7,4,10,5,6,8,7,4,5,8,7,10,12,4,5,7,10,4,7,5,4,8,4,8,8,7,4,4,15,10,5,12,7,4,10,5,8,12,7,4,10,5,4,15,8,6,2,11
-1@1,3,4,7,5,5,5,6,8,15,4,10,7,4,4,5,5,6,5,6,4,4,7,6,5,5,5,6,6,5,2,11
-1@1,3,10,10,10,10,8,7,5,15,4,15,6,8,7,4,4,7,4,7,4,4,4,6,7,2,11
-1@1,3,7,10,12,4,5,4,7,10,4,4,7,10,6,5,8,7,4,10,10,8,8,10,10,8,10,8,7,4,8,6,5,8,6,5,10,4,4,5,10,8,7,4,12,7,4,10,5,12,2,11
1@1,3,12,7,4,10,5,12,7,4,6,5,9,7,10,12,4,5,7,10,6,5,5,5,10,7,4,5,7,10,12,4,5,15,4,12,7,4,10,5,12,5,7,10,12,4,5,10,7,10,4,7,4,2,11
1@1,3,12,7,4,10,5,12,10,7,4,7,10,6,5,7,10,12,4,5,10,7,10,12,4,5,12,7,4,10,5,12,7,10,6,5,5,5,7,10,12,4,5,10,7,10,12,4,5,7,10,6,5,8,5,10,10,12,7,4,10,5,12,12,7,4,10,5,12,2,11
-1@1,3,4,15,5,5,6,7,6,8,8,5,6,5,8,8,7,5,4,15,5,6,5,5,6,6,10,8,4,4,13,5,8,7,5,6,2,11
1@1,3,4,4,5,5,4,5,5,9,6,4,15,5,9,7,5,4,5,4,5,7,4,5,5,6,5,9,7,5,5,2,11
1@1,3,12,7,4,10,5,12,7,10,12,4,5,10,12,7,4,10,5,12,7,4,8,5,10,12,7,4,10,5,12,8,7,4,12,7,4,10,5,12,7,4,10,5,7,10,12,4,5,8,5,7,10,12,4,5,8,5,10,7,5,4,6,8,8,5,14,2,14,11,14,14,14,14
-1@3,1,10,7,4,5,5,10,4,5,10,10,5,10,7,4,10,9,10,10,5,7,10,4,10,9,7,10,4,7,10,5,4,15,4,7,10,15,6,7,4,7,10,5,4,7,10,4,10,7,10,5,4,10,7,2,11
1@1,3,12,7,4,10,5,12,8,7,4,6,5,7,10,12,4,5,10,10,8,5,7,10,12,4,5,8,5,8,10,8,8,7,4,8,5,8,8,8,7,4,7,10,12,4,5,2,11
1@1,3,10,6,4,5,5,5,5,10,10,5,6,7,6,10,8,5,10,5,5,5,7,10,5,6,8,7,4,10,5,5,5,10,6,10,8,2,11
-1@1,3,5,5,5,5,8,5,5,5,5,5,10,5,6,7,10,4,5,5,8,8,7,6,5,10,10,10,8,10,5,5,5,6,8,8,5,10,10,8,10,8,8,5,10,5,8,7,4,5,5,4,5,5,5,10,5,8,8,5,8,5,6,10,12,7,5,6,5,9,5,5,5,2,11
1@1,3,10,8,7,4,5,4,10,4,6,5,7,10,6,5,12,7,4,10,5,12,8,6,5,9,8,7,4,8,8,15,4,4,4,7,10,6,5,8,7,4,6,5,4,4,15,4,7,10,6,5,8,2,11
1@3,1,6,15,4,15,4,15,15,6,9,7,5,4,15,5,5,5,7,15,4,4,15,5,4,8,5,6,8,7,5,4,15,4,6,5,4,15,5,9,15,4,15,5,5,5,5,6,10,10,10,10,2,11
-1@1,3,8,4,10,7,4,4,6,5,8,4,5,7,5,4,5,5,5,5,4,6,5,4,5,10,8,7,4,6,5,8,2,11
1@1,3,10,7,4,7,10,12,4,5,8,4,12,7,4,10,5,12,10,10,5,5,9,8,5,4,7,10,6,5,5,8,8,7,4,5,8,12,7,4,10,5,12,5,5,7,4,4,8,5,10,10,8,5,7,4,2,11
-1@1,3,8,8,7,5,6,5,8,5,5,6,5,9,9,6,9,7,5,6,5,4,10,12,5,5,4,6,8,7,6,5,5,5,6,5,2,11
1@1,3,10,12,5,6,9,10,8,7,10,5,5,5,5,6,8,8,8,7,5,5,5,6,8,8,7,5,5,6,8,8,8,7,5,2,11
-1@1,3,10,7,4,5,5,7,10,12,4,5,12,7,4,10,5,7,10,6,5,5,12,7,4,10,5,7,10,6,5,7,4,7,10,12,4,5,5,5,10,7,4,7,10,6,5,10,5,5,8,5,10,7,10,12,4,5,10,2,11
-1@1,3,10,10,10,5,7,4,9,5,9,9,4,5,8,5,8,6,5,10,10,10,8,7,5,5,4,6,5,8,5,7,5,4,5,5,9,9,7,5,9,5,4,5,5,4,5,4,6,5,8,7,5,5,9,9,9,5,5,6,7,5,5,5,4,6,5,7,6,5,7,4,5,4,5,4,4,5,5,8,6,10,8,5,7,5,5,5,6,10,7,10,4,5,5,6,7,10,6,5,5,6,5,10,10,7,10,4,4,5,4,4,4,5,4,4,5,4,5,9,5,6,2,11
1@3,1,12,7,4,10,5,12,7,10,6,5,12,7,4,10,5,8,7,4,5,10,8,12,7,4,10,5,12,10,12,7,4,10,5,12,7,10,12,4,5,7,10,4,10,5,7,4,8,4,8,7,4,5,8,6,5,7,10,15,6,5,2,11
1@1,3,6,5,8,5,6,5,7,10,4,5,5,4,15,6,5,8,5,6,7,6,5,10,5,5,5,6,4,9,9,9,7,5,6,8,2,11
-1@1,3,5,6,6,5,5,5,6,7,4,5,6,4,15,5,7,5,4,5,4,7,5,6,7,5,6,5,9,6,5,5,6,5,4,6,15,5,6,5,7,4,13,5,4,13,13,6,5,8,8,5,4,6,15,5,13,9,13,5,6,5,2,11
-1@1,3,4,15,5,5,5,15,4,15,5,10,7,5,4,15,5,7,4,15,5,5,6,5,7,5,5,6,7,4,15,4,5,4,15,5,7,5,4,5,5,4,15,5,7,5,5,6,5,6,5,5,9,9,2,11
1@1,3,8,7,4,5,6,8,7,10,4,4,6,7,10,4,4,6,7,10,4,5,4,5,6,7,10,4,6,7,10,4,6,7,10,6,9,4,5,4,6,8,8,7,5,6,8,7,5,6,7,4,6,7,10,4,4,4,6,7,5,6,7,4,4,4,6,7,10,6,5,7,4,5,6,7,10,6,7,10,5,6,7,10,4,6,7,2,11
-1@1,3,12,7,4,10,5,12,8,8,7,4,6,4,7,4,5,6,7,4,4,10,4,5,4,4,4,2,11
1@1,3,10,7,4,4,4,10,12,7,4,10,5,8,5,7,4,7,4,4,4,2,11
-1@1,3,6,5,7,5,4,9,5,4,4,4,5,4,5,5,7,4,4,7,5,4,5,9,8,4,5,9,5,9,9,9,5,9,5,9,5,5,5,4,5,10,5,9,5,2,11
-1@1,3,7,10,12,4,5,8,7,4,5,4,4,9,5,12,7,4,10,5,12,7,4,4,4,4,12,7,4,10,5,12,7,4,10,5,12,12,7,4,10,5,8,5,5,4,7,4,14,2,11,14,14
-1@1,3,4,10,5,15,6,5,4,5,10,10,10,5,8,8,7,5,4,5,4,5,6,8,6,8,5,5,15,6,9,8,5,8,5,8,5,7,4,4,4,5,5,9,5,4,5,10,2,11
1@1,3,10,7,10,12,4,5,7,4,5,7,10,12,4,5,8,5,6,12,7,4,10,5,12,7,10,4,7,10,4,10,8,8,7,4,5,10,10,12,7,10,12,4,5,2,11
1@1,3,10,10,10,5,9,8,10,5,10,5,5,6,5,9,9,5,8,10,4,5,5,5,8,5,5,5,7,4,5,5,5,5,5,8,5,8,8,10,5,5,5,5,5,10,5,5,5,5,10,5,5,5,6,5,4,5,2,11
1@1,3,8,8,7,5,6,5,6,5,5,6,5,6,5,6,5,7,6,5,5,6,15,4,4,15,6,5,4,5,6,8,7,6,5,8,5,6,5,2,11
1@1,3,7,10,12,4,5,8,7,10,6,5,10,7,5,4,5,10,7,10,6,5,8,5,12,7,4,10,5,12,10,8,7,4,7,10,6,12,7,4,10,5,12,8,12,7,4,10,5,12,10,5,7,10,6,5,2,11
1@1,3,7,5,5,4,15,7,5,5,4,8,7,5,5,4,6,5,9,8,5,6,5,5,8,7,4,13,9,7,6,5,7,5,4,15,13,5,7,10,5,4,6,15,5,7,5,6,2,11
-1@1,3,10,8,7,10,4,10,10,8,7,6,8,5,10,8,7,4,7,10,4,8,12,8,10,10,7,4,10,12,9,10,10,10,8,10,10,9,10,7,4,5,5,5,7,10,4,10,7,10,4,14,2,14,11
-1@1,3,10,10,10,7,4,5,4,5,10,10,8,5,7,4,4,5,10,5,7,4,4,7,4,7,10,5,4,10,15,6,7,10,5,4,10,7,10,4,8,10,4,7,10,5,6,7,4,15,9,2,11
1@1,3,10,8,10,7,4,12,7,4,10,5,10,5,6,5,10,12,7,4,10,5,12,7,4,12,7,4,10,5,7,10,12,4,5,10,8,5,6,8,5,14,2,11,14,14
1@1,3,6,5,7,5,15,4,15,5,6,5,5,4,15,5,5,6,5,5,5,5,5,6,5,5,9,7,5,4,5,6,5,8,7,5,5,4,5,7,5,6,5,7,13,5,9,4,15,5,7,5,4,5,8,5,5,6,5,8,5,4,5,5,7,4,2,11
-1@1,3,5,4,10,6,5,7,5,5,6,8,6,5,15,5,4,5,5,7,5,4,6,5,7,5,4,5,8,7,5,5,6,5,7,5,5,5,5,4,2,11
1@1,3,6,8,6,8,8,8,8,6,6,5,6,5,5,9,6,5,5,8,9,8,5,7,10,5,4,10,10,7,4,5,4,6,5,5,10,6,8,5,8,5,10,8,2,11
-1@1,3,7,10,12,4,5,9,7,4,5,7,10,6,5,7,10,12,4,5,8,10,10,7,4,7,10,6,5,5,10,10,9,10,7,4,7,10,6,5,12,7,4,10,5,12,7,10,12,4,5,12,7,4,10,5,12,12,7,4,10,5,7,10,6,5,5,9,10,10,7,10,6,5,14,2,11,14,14,14
1@1,3,12,7,4,10,5,7,10,4,8,7,4,4,5,8,10,8,4,5,5,8,6,8,8,8,5,15,4,8,2,11
1@1,3,7,10,12,4,5,4,8,7,4,6,4,8,12,7,4,10,5,6,4,8,5,6,5,6,6,5,7,10,4,2,11
1@1,3,6,5,4,7,6,5,5,6,6,5,4,5,5,6,5,6,5,7,5,4,6,7,4,7,10,6,7,5,4,15,5,8,5,7,5,6,2,11
1@1,3,10,10,10,7,10,4,7,4,7,4,4,10,7,10,4,7,10,4,7,10,4,10,10,10,10,8,5,10,10,10,10,2,11
1@3,1,7,10,5,5,6,7,5,15,7,5,6,7,5,5,7,10,5,5,6,7,10,15,6,7,5,6,10,7,5,15,5,6,7,5,15,6,5,9,5,7,10,5,5,6,5,7,5,5,5,6,5,9,8,7,6,5,7,5,15,6,5,7,5,6,7,5,15,5,6,8,7,5,5,5,5,5,5,5,5,5,5,7,6,2,11
1@1,3,10,9,9,9,4,4,7,10,6,10,9,9,9,5,6,10,7,10,6,5,5,9,9,9,9,9,9,9,7,5,4,10,5,6,6,6,9,9,5,7,5,6,10,8,5,2,11
1@1,3,7,10,12,4,5,7,10,12,4,10,12,10,12,8,7,4,4,8,8,5,7,10,4,10,8,8,8,7,4,8,7,6,5,8,5,7,10,4,10,10,8,5,10,7,4,7,10,4,8,7,10,4,2,11
1@1,3,7,10,12,4,5,8,7,4,5,5,4,15,6,10,6,6,7,4,5,6,6,8,5,4,10,10,10,5,4,6,2,11
-1@1,3,10,8,7,4,6,7,10,4,7,10,4,8,8,10,8,5,8,7,10,4,10,8,7,4,8,5,8,7,10,4,7,10,4,10,8,5,7,4,6,10,8,8,10,8,5,2,11
-1@1,3,10,12,10,8,10,8,10,5,6,10,10,7,6,10,10,15,6,8,10,8,5,5,6,5,7,5,6,8,7,6,10,10,7,5,5,6,5,7,6,8,6,7,6,5,6,2,11
-1@1,3,10,5,5,4,15,6,5,7,6,5,5,5,6,6,5,6,5,8,8,7,9,9,8,7,2,11
1@1,3,12,7,4,10,5,12,12,7,4,10,5,12,10,10,7,4,10,7,10,12,4,5,4,5,12,7,4,10,5,12,10,10,12,7,4,10,5,12,12,7,4,10,5,7,10,12,4,5,5,10,7,4,10,8,5,2,11
-1@1,3,5,8,8,5,6,5,5,5,9,8,8,8,8,5,8,7,4,5,5,5,5,5,5,6,5,5,8,8,4,5,10,5,8,7,5,5,5,4,5,5,5,5,5,4,5,5,5,9,5,5,8,5,5,5,6,5,9,5,7,6,5,5,5,5,2,11
-1@1,3,10,7,10,4,5,9,7,4,5,10,10,8,8,10,8,10,8,5,5,10,7,10,8,10,8,8,10,7,4,10,8,5,8,5,10,12,8,8,7,6,8,10,8,5,7,10,2,11
1@1,3,12,7,4,10,5,12,7,4,10,7,10,6,5,4,7,4,5,8,8,12,7,4,10,5,4,15,4,8,7,4,4,4,10,4,4,4,4,4,4,4,5,4,2,11
1@1,3,12,7,4,10,5,12,12,7,4,10,5,12,12,7,4,10,5,7,10,12,4,5,7,4,12,7,4,10,5,12,7,4,10,5,12,5,10,12,7,4,10,5,12,7,4,5,12,7,4,10,5,12,7,10,12,4,5,4,4,12,7,4,10,5,12,14,2,11,14,14,14
-1@1,3,5,6,5,4,5,5,5,6,5,7,5,4,5,7,5,6,4,5,4,5,5,5,9,5,5,9,7,5,4,5,5,7,10,5,5,5,6,2,11
1@1,3,10,7,10,4,10,7,10,4,7,10,4,10,7,4,8,10,6,10,10,12,10,8,5,7,4,8,5,6,5,10,7,10,4,2,11
1@1,3,7,10,12,4,5,10,7,4,5,4,10,5,10,5,7,10,12,4,5,4,10,7,4,10,5,10,7,10,12,4,5,12,7,4,10,5,7,10,12,4,5,7,4,12,7,4,10,5,5,6,14,2,11,14,14,14,14
1@1,3,7,10,6,8,8,10,6,10,8,7,4,10,8,6,10,7,10,4,10,4,8,8,7,10,4,8,10,8,8,7,4,10,7,10,4,10,2,11
-1@1,3,10,5,7,10,4,10,7,5,6,10,5,5,5,8,10,5,7,4,8,5,6,7,4,8,5,5,5,6,7,10,6,5,6,7,4,9,8,2,11
-1@1,3,5,9,9,9,9,9,5,7,5,6,8,9,7,5,6,5,6,5,9,5,5,10,10,9,9,9,5,9,9,7,5,5,6,5,9,10,7,15,4,5,5,7,5,4,5,9,5,9,8,9,5,9,5,9,5,9,8,5,7,4,5,5,9,7,5,4,5,2,11
1@1,3,5,8,5,4,4,8,7,5,4,10,6,7,15,15,4,15,5,6,5,8,5,4,15,5,7,5,5,4,8,5,4,5,4,6,15,5,5,5,15,4,15,5,7,5,4,15,5,8,5,4,15,5,5,5,15,4,7,13,5,9,4,15,5,5,6,5,7,13,5,9,2,11
1@1,3,7,10,15,6,5,5,9,5,9,8,7,6,7,5,15,6,5,9,9,8,7,5,5,6,5,9,5,9,9,9,7,5,6,5,9,9,7,5,5,6,7,5,15,6,15,5,6,5,8,5,7,6,5,5,5,7,6,5,5,5,5,9,8,7,10,6,5,5,9,5,9,8,5,7,5,6,7,5,6,5,7,5,15,5,6,7,10,5,6,5,9,7,5,6,5,5,9,8,7,5,6,5,7,10,6,5,9,8,8,8,5,7,5,6,2,11
-1@1,3,4,5,5,9,7,4,5,5,4,5,5,9,10,4,5,10,7,5,4,5,4,5,6,5,7,4,5,6,4,4,5,7,4,5,5,7,4,5,5,9,9,9,5,9,9,7,4,5,2,11
-1@1,3,12,7,4,10,5,12,10,7,4,5,12,7,4,10,5,10,7,4,4,12,7,4,10,5,7,10,6,5,7,4,5,10,7,10,4,9,10,7,4,5,2,11
-1@1,3,8,5,6,5,7,5,6,5,5,5,6,5,5,5,6,7,5,6,5,5,5,8,7,6,5,5,8,2,11
-1@1,3,7,10,6,8,8,7,7,10,6,5,4,7,10,6,5,5,7,4,6,5,12,7,4,10,5,12,8,4,6,8,7,10,4,7,10,5,6,7,5,4,6,5,5,7,10,12,4,5,12,7,4,10,5,12,7,10,6,5,4,7,10,6,5,7,12,7,4,10,5,12,7,10,6,5,8,12,7,4,10,5,7,10,4,9,5,4,7,10,6,5,5,8,7,6,2,11
1@1,3,9,5,4,5,7,5,4,5,5,5,10,5,4,5,7,4,7,5,4,7,5,4,4,5,5,7,5,4,5,5,9,4,5,9,5,5,6,5,4,5,5,4,4,5,7,5,4,5,7,6,5,5,9,7,5,4,5,5,2,11
1@1,3,7,10,6,8,7,10,7,6,7,10,5,6,5,7,10,5,6,8,5,7,6,7,5,5,6,5,7,10,5,5,6,8,5,7,5,6,8,7,6,7,10,6,8,5,7,6,10,2,11
1@1,3,12,7,4,10,5,12,8,4,8,7,4,5,5,12,7,4,10,5,5,10,7,10,12,4,5,4,5,8,8,7,4,5,8,5,4,5,12,7,4,10,5,8,7,10,12,4,5,4,10,4,4,4,4,4,4,4,4,4,4,6,2,11
1@1,3,7,10,12,4,5,8,8,7,4,10,8,15,5,6,8,10,8,5,10,8,7,10,6,5,8,8,7,4,8,5,8,5,8,8,7,4,7,10,6,5,8,5,8,5,8,4,7,10,6,5,5,8,7,4,7,10,12,4,5,8,5,7,10,6,5,10,10,9,10,7,10,12,4,5,7,6,2,14,11,14,14,14
-1@1,3,5,7,4,4,8,4,8,8,8,8,5,7,4,8,5,8,8,8,6,9,8,8,8,8,5,4,8,8,7,6,8,8,5,7,6,8,7,4,2,11
-1@1,3,5,5,9,4,5,5,5,5,5,5,5,7,6,5,8,5,5,4,5,10,10,8,8,10,8,4,10,5,5,8,7,6,5,8,5,8,5,5,5,8,5,5,5,5,5,10,5,5,9,4,5,5,5,5,6,5,5,5,7,10,10,10,8,8,2,11
-1@1,3,10,10,10,10,6,15,5,10,10,6,5,9,8,8,5,8,8,5,8,8,8,8,5,5,8,10,4,5,5,5,5,8,5,5,5,5,7,5,6,5,5,5,5,8,5,5,5,8,10,5,8,8,5,8,8,5,8,10,10,8,8,8,8,8,10,8,8,8,5,7,4,5,5,8,5,10,5,5,8,8,2,11
-1@1,3,10,10,10,10,10,10,12,7,4,10,5,7,10,12,4,5,10,7,4,7,10,12,4,5,4,10,10,10,5,10,7,12,7,4,10,5,12,12,7,4,10,5,12,10,5,2,11
-1@3,1,7,10,6,7,10,4,10,8,7,10,6,7,10,4,10,9,7,10,4,5,10,10,8,7,6,5,5,5,10,5,7,10,4,7,10,5,6,7,4,7,10,5,6,5,5,7,10,5,6,8,7,10,5,4,2,11
1@1,3,7,10,12,4,5,10,7,4,12,7,4,10,5,12,8,8,5,8,10,8,5,12,7,4,10,5,7,4,10,5,5,7,10,4,10,7,4,5,7,10,6,5,8,5,2,11
-1@1,3,5,5,4,9,9,9,9,9,5,5,2,11
1@1,3,5,5,6,5,7,5,4,4,8,7,4,5,4,5,9,5,5,4,5,6,5,5,6,5,7,5,4,5,5,5,4,5,5,2,11
1@1,3,7,10,12,4,5,8,7,4,10,8,4,5,6,12,7,4,10,5,12,8,5,4,6,5,8,5,8,7,4,5,5,5,8,5,5,4,7,10,4,8,5,8,8,5,8,8,7,10,6,5,8,5,7,10,6,5,8,7,5,2,11
1@1,3,7,5,5,6,7,5,4,15,5,7,5,6,5,5,4,6,15,5,9,9,4,8,8,13,5,5,6,9,7,5,4,5,5,6,4,15,5,7,6,5,9,9,6,5,7,4,8,4,15,9,8,9,7,5,5,5,5,4,2,11
1@1,3,8,5,4,15,6,5,8,4,5,5,6,4,5,5,4,10,8,7,5,4,5,4,15,5,4,6,15,5,5,7,5,6,5,10,4,8,13,5,8,7,5,4,6,15,5,13,5,7,5,2,11
-1@1,3,10,5,5,5,5,5,5,5,5,7,6,5,8,8,7,15,6,5,5,5,8,7,6,7,5,6,8,8,10,5,5,5,5,7,6,5,10,10,10,8,8,8,10,10,10,8,8,7,6,10,10,5,10,10,8,8,10,10,5,9,5,8,8,7,6,5,5,10,10,8,8,8,8,8,8,7,15,6,5,5,7,6,10,8,8,8,5,8,8,10,7,6,10,10,8,8,8,7,6,5,5,8,8,8,7,6,5,5,2,11
1@1,3,6,5,8,6,5,8,8,5,6,5,8,7,5,4,15,5,5,4,8,7,5,6,8,7,6,8,6,5,9,8,5,4,15,5,4,15,5,5,4,5,5,6,8,5,4,6,15,5,5,6,5,8,7,5,2,11
-1@1,3,8,6,5,6,7,10,12,4,15,5,6,10,10,5,6,9,8,9,8,10,10,9,9,8,8,5,7,5,6,15,5,8,10,5,6,8,5,6,10,10,15,6,5,10,7,10,6,15,5,7,5,2,11
-1@1,3,6,8,9,5,7,5,5,6,5,8,7,5,4,5,6,8,8,13,5,7,15,5,6,8,7,5,5,4,15,7,5,4,10,2,11
1@1,3,12,7,4,10,5,12,12,7,4,10,5,12,7,4,6,5,12,7,4,10,5,12,6,6,5,7,10,6,10,4,5,12,7,4,10,5,10,4,7,4,4,15,6,6,4,8,5,4,5,7,2,11
1@1,3,12,7,4,10,5,12,12,7,4,10,5,10,10,8,4,10,10,8,8,7,4,5,5,5,7,4,5,4,7,10,4,7,10,6,5,10,12,7,4,10,5,7,10,6,5,10,4,12,7,4,10,5,5,7,10,4,10,12,10,4,7,10,15,4,2,14,11,14,14,14
-1@1,3,6,5,8,9,9,8,9,6,8,7,5,5,6,9,8,5,6,6,5,5,6,7,5,6,5,9,6,7,8,7,6,2,11
1@1,3,4,9,4,9,7,4,7,4,4,9,9,9,4,7,5,4,4,6,7,13,5,9,4,4,9,5,5,4,7,5,4,7,4,7,5,4,8,7,5,4,5,5,13,5,9,2,11
1@1,3,10,8,7,4,6,6,6,10,8,7,10,4,10,10,8,7,4,7,10,4,8,5,10,10,7,10,4,2,11
-1@1,3,5,4,7,5,4,5,5,6,10,10,5,5,5,6,5,8,7,5,5,5,6,7,5,4,8,6,5,9,9,8,2,11
1@7,10,12,4,5,7,10,12,4,5,12,7,4,10,5,7,10,12,4,5,10,8,5,7,10,12,4,5,12,7,4,10,5,10,7,5,4,7,10,6,5,2,11
1@1,3,12,7,4,10,5,12,7,4,10,5,12,8,7,4,7,10,6,5,7,10,4,4,7,10,6,5,5,8,5,7,10,4,8,7,10,12,4,5,12,10,10,8,5,7,4,8,5,7,10,6,5,5,8,7,4,10,10,14,2,11,14,14
-1@1,3,10,7,4,5,10,5,10,8,5,8,7,4,5,5,4,10,10,5,10,7,4,7,10,6,5,5,5,8,8,8,5,2,11
1@3,1,5,5,5,5,8,5,10,5,5,5,5,5,5,5,5,4,5,5,4,5,5,5,5,5,5,5,5,5,5,4,8,10,7,6,5,5,8,5,8,5,5,10,8,8,5,8,8,5,10,8,8,10,2,11
1@1,3,7,10,12,4,5,7,10,12,4,5,10,7,4,10,8,10,8,5,8,5,5,6,5,12,7,4,10,5,8,7,4,7,10,6,5,5,8,5,7,10,12,4,5,7,10,12,4,5,5,12,7,4,10,5,7,10,6,5,12,7,4,10,5,12,7,4,10,5,12,7,10,6,5,2,11
-1@1,3,4,4,15,5,6,5,7,4,7,5,4,4,10,4,7,4,7,5,4,6,5,4,4,7,4,4,6,5,6,5,7,4,6,5,6,5,7,5,2,11
1@1,3,10,7,4,8,4,7,10,12,4,5,12,7,4,10,5,12,12,7,4,10,5,12,15,4,9,9,4,12,7,4,10,5,12,4,12,7,4,10,5,12,7,10,12,4,5,12,7,4,10,5,12,12,7,4,10,5,12,9,7,4,12,7,4,10,5,12,12,7,4,10,5,12,12,7,4,10,5,12,6,7,4,5,7,4,7,4,12,7,4,10,5,12,7,4,10,5,12,9,5,10,12,7,4,10,5,2,11
1@1,3,7,10,5,5,5,5,5,6,5,9,5,9,5,9,8,5,9,8,7,5,5,5,5,5,5,6,8,7,5,6,5,5,9,5,9,5,8,7,6,5,7,10,15,5,6,7,10,15,5,6,7,5,15,5,6,5,5,5,9,5,9,5,9,8,7,5,5,5,6,8,7,9,8,7,5,6,7,5,15,5,6,10,9,5,9,8,7,10,5,5,6,10,7,5,15,5,6,5,9,5,9,8,10,8,8,8,7,5,6,2,11
1@1,3,10,7,4,6,7,10,12,4,5,6,7,4,4,5,6,8,10,7,4,4,8,6,7,10,4,5,6,7,10,4,6,7,10,4,6,7,6,7,10,12,4,5,5,5,4,10,6,7,10,6,5,7,5,4,4,5,6,7,10,12,4,5,6,7,10,4,6,7,10,4,6,10,7,10,4,6,7,5,4,6,8,7,5,4,5,5,6,5,7,10,4,6,10,10,5,7,6,7,5,6,12,7,4,10,5,12,4,6,7,10,4,5,4,6,8,7,5,4,5,8,6,7,10,5,6,8,5,7,5,5,4,6,8,7,6,7,4,5,5,6,7,5,4,5,5,4,6,8,5,7,5,6,10,7,5,6,8,5,7,5,2,11
1@1,3,7,10,4,10,4,8,7,4,5,10,4,7,10,5,5,6,10,8,7,4,7,5,6,5,5,6,5,6,5,8,7,6,6,7,10,5,2,11
-1@1,3,5,15,5,4,15,5,4,9,4,5,5,5,5,6,9,9,7,5,6,5,8,8,8,9,8,8,7,5,5,5,5,5,6,10,10,9,8,7,5,5,5,5,5,6,2,11
1@1,3,4,5,9,8,9,5,6,9,4,5,8,6,9,8,4,9,15,6,9,9,9,9,9,7,5,4,5,5,6,7,5,4,5,6,9,9,9,7,5,5,4,5,9,2,11
-1@1,3,6,5,5,5,5,4,15,5,15,5,4,5,5,6,5,8,6,5,5,5,15,5,4,4,5,4,5,7,4,5,6,5,5,5,4,9,8,5,5,15,4,6,5,8,5,4,7,5,5,4,15,5,7,5,4,15,5,5,4,6,5,2,11,1,3,12,7,4,10,5,10,5,4,10,10,10,10,10,7,6,7,10,12,4,5,4,5,10,5,5,12,7,4,10,5,12,10,10,5,4,7,4,5,4,5,6,5,4,9,9,2,11
1@1,3,10,12,10,4,4,7,4,12,7,4,10,5,6,4,15,9,12,7,4,10,5,12,4,10,4,4,9,9,7,6,7,2,11
-1@1,3,10,10,7,4,5,10,8,4,5,8,7,4,5,5,10,5,8,5,10,10,5,5,7,10,4,5,10,7,4,5,8,5,5,7,4,8,5,8,4,8,2,11
1@1,3,12,7,4,10,5,12,8,7,4,8,5,5,12,7,4,10,5,12,7,10,6,5,12,7,4,10,5,12,8,5,4,7,4,8,5,5,4,15,10,8,5,7,4,10,7,10,12,4,5,12,7,4,10,5,10,10,8,5,10,2,11
1@1,3,5,9,9,7,4,5,5,9,5,4,5,5,5,10,5,9,5,9,5,4,9,4,5,9,7,5,6,6,5,9,5,9,5,8,8,2,11
1@1,3,7,10,12,4,5,7,10,6,5,7,10,12,4,5,10,7,4,5,7,10,6,5,7,4,10,5,12,7,4,10,5,12,12,7,4,10,5,12,4,10,12,7,4,10,5,12,12,7,4,10,5,12,10,5,4,12,7,4,10,5,12,10,7,10,12,4,5,10,5,12,7,4,10,5,12,4,12,7,4,10,5,12,7,10,6,5,10,7,14,2,11,14,14
1@1,3,7,10,4,8,7,10,4,4,8,7,4,5,10,10,10,10,8,8,8,10,8,5,7,10,4,10,8,7,10,4,8,5,7,10,4,7,4,10,8,10,2,11
1@1,3,10,12,7,4,5,10,5,7,6,12,7,4,10,5,7,10,12,4,5,8,7,10,12,4,5,7,10,4,7,4,7,10,6,5,5,4,10,12,7,4,10,5,12,4,12,7,4,10,5,12,10,8,5,7,6,5,5,7,5,7,10,6,5,8,6,2,11
-1@1,3,8,6,10,5,5,6,5,5,8,10,7,4,6,5,10,5,5,5,5,6,5,5,9,9,9,9,9,9,8,10,2,11
-1@1,3,7,6,10,10,5,5,4,5,10,10,10,5,5,10,5,10,5,10,5,7,5,6,10,10,8,10,10,8,8,8,10,10,8,8,2,11
1@1,3,4,5,4,7,4,6,5,7,4,6,5,4,8,7,6,8,7,4,7,5,6,5,8,8,6,5,8,6,5,6,5,8,2,11
-1@1,3,8,5,6,8,7,5,5,6,5,9,10,5,8,7,5,4,5,5,8,5,7,5,5,5,6,10,13,5,9,7,6,5,6,5,9,8,5,6,5,10,7,5,4,8,10,8,13,5,13,5,9,8,7,5,2,11
-1@1,3,4,7,5,4,7,4,4,5,5,4,15,5,5,4,7,5,4,5,5,6,5,5,6,7,5,6,5,6,4,7,5,4,5,4,5,5,9,6,5,13,5,9,6,5,5,4,15,5,7,5,6,2,11
-1@1,3,6,5,4,15,5,6,5,8,8,7,5,4,15,5,7,5,5,15,4,6,5,5,5,4,6,15,5,6,8,5,15,4,8,4,15,5,6,8,4,15,5,5,8,7,5,15,4,5,4,8,5,4,5,9,5,2,11
1@3,1,12,7,4,10,5,12,7,10,12,4,5,4,8,7,4,15,4,6,12,7,4,10,5,7,10,12,4,5,6,5,10,4,6,7,10,4,6,10,9,9,7,4,7,2,11
-1@1,3,10,10,7,4,5,4,10,8,8,8,8,8,5,6,7,4,10,10,8,7,4,5,4,8,8,5,5,4,9,5,12,7,4,10,5,10,7,4,2,11
1@1,3,10,7,4,10,10,8,8,8,8,8,8,7,4,8,12,7,4,10,5,12,8,5,6,10,7,4,5,5,5,12,7,4,10,5,12,8,10,2,11
1@3,1,12,7,4,10,5,12,7,10,6,5,7,4,4,12,7,4,10,5,5,10,8,7,5,6,5,5,12,7,4,10,5,7,10,6,5,5,5,4,7,10,6,5,7,5,4,7,10,12,4,5,8,5,5,5,4,12,7,4,10,5,7,5,5,5,5,5,5,2,11
-1@1,3,8,8,5,4,5,6,10,10,4,9,5,8,5,6,10,5,5,6,9,8,5,5,7,4,5,5,6,8,5,4,5,4,5,9,9,9,9,7,6,2,11
1@1,3,5,6,10,12,5,4,5,10,8,7,6,5,10,5,8,4,5,10,4,5,8,10,10,10,8,7,5,6,10,5,10,8,8,10,5,8,5,10,6,5,5,8,5,5,5,5,8,5,5,5,5,8,5,7,6,8,8,10,8,5,5,8,2,11
-1@1,3,6,5,5,4,15,7,5,4,15,5,7,5,4,10,5,9,5,4,15,5,7,5,5,6,4,5,5,9,5,8,5,8,7,4,5,7,5,4,5,5,5,9,5,7,5,4,9,5,9,9,6,5,10,5,6,5,9,5,7,2,11
1@1,3,7,10,12,4,5,12,7,4,10,5,12,8,7,4,10,5,4,5,4,5,7,10,10,8,7,4,12,7,4,10,5,12,5,12,7,4,10,5,12,12,7,4,10,5,4,10,5,4,5,10,7,10,12,4,5,2,11
-1@1,3,6,5,8,7,5,4,5,5,8,8,5,9,8,5,4,5,5,4,5,8,7,13,5,9,6,8,5,5,6,7,5,4,5,5,9,8,5,6,8,8,7,5,2,11
1@1,3,10,7,4,5,7,10,6,5,10,8,8,5,8,10,5,12,7,4,10,5,7,4,5,5,8,8,5,7,10,12,4,5,5,15,4,9,4,7,10,6,5,10,10,7,10,4,2,11
1@1,3,10,8,10,8,8,8,7,4,7,10,6,5,7,10,4,8,5,6,5,7,4,4,8,7,6,7,10,4,7,10,6,5,5,4,2,11
1@1,3,12,7,4,10,5,12,6,8,7,4,5,10,7,10,12,4,5,10,9,7,10,12,4,5,12,7,4,10,5,8,10,10,7,4,5,10,12,7,4,10,5,12,4,4,4,4,4,4,4,4,4,4,4,4,4,4,4,14,2,11,14,14,14,14
-1@1,3,4,7,4,5,15,4,5,5,9,8,5,5,4,6,5,7,4,4,5,7,5,4,7,5,4,5,9,5,2,11
-1@1,3,5,5,6,5,8,5,4,5,6,5,5,5,6,7,5,4,10,8,7,5,5,5,6,5,9,8,10,4,7,5,6,5,7,5,5,4,7,6,2,11
1@1,3,10,6,8,6,7,10,4,8,8,7,10,6,5,7,10,5,6,8,10,6,5,9,7,6,6,5,7,10,5,2,11
1@3,1,12,7,4,10,5,12,7,4,4,5,12,7,4,10,5,4,8,4,5,10,8,5,4,5,7,4,5,7,10,12,4,5,7,10,4,8,12,7,4,10,5,7,10,4,7,10,6,5,8,5,7,4,4,9,8,5,7,4,10,7,10,2,11
1@1,3,6,5,15,4,6,5,5,6,5,5,4,15,6,5,9,8,7,6,5,6,5,6,5,6,5,7,5,4,15,5,4,15,5,6,9,8,6,5,7,5,5,6,8,4,15,15,4,5,4,15,2,11
-1@1,3,10,10,7,4,6,4,15,6,7,4,7,10,4,9,9,8,5,10,10,8,8,10,7,4,15,4,10,7,10,4,7,4,10,2,11
-1@1,3,10,10,7,4,5,7,10,4,8,5,4,8,7,4,4,7,10,6,5,5,10,7,10,12,4,5,15,15,6,5,7,4,7,6,8,7,4,2,11
1@1,3,10,12,6,4,15,10,4,5,4,10,6,7,4,5,6,7,10,5,4,6,5,7,10,6,7,10,6,5,5,7,10,5,4,7,10,6,5,5,6,10,7,14,14,2,11,14,14
1@1,3,10,7,10,12,4,5,8,7,4,7,10,15,6,10,8,9,5,4,10,5,10,10,10,10,10,15,6,15,10,8,2,11
1@1,3,7,10,4,8,7,4,5,5,4,8,7,10,4,5,4,5,10,8,5,4,10,8,8,5,5,5,7,4,10,5,6,10,8,2,11
1@1,3,12,7,4,10,5,12,7,4,10,4,5,10,10,8,5,10,8,8,5,7,4,10,5,4,7,10,12,4,5,10,8,5,4,5,10,7,10,12,4,5,12,7,4,10,5,12,10,7,4,5,12,7,4,10,5,2,11
-1@1,3,7,10,12,4,5,10,8,7,4,6,5,8,8,5,6,10,8,5,7,4,8,7,4,5,5,7,10,6,5,8,5,10,8,15,6,8,6,5,5,8,5,8,10,8,7,4,4,8,5,2,11
1@1,3,10,8,5,4,5,4,10,4,8,5,5,5,4,10,8,8,5,7,4,5,5,8,9,5,5,6,8,8,5,10,10,5,4,9,8,5,4,5,5,7,10,4,5,8,7,2,11
-1@3,1,4,7,4,4,15,5,4,5,4,5,5,8,4,8,7,4,5,6,5,5,8,15,5,4,6,5,13,5,9,8,5,4,8,7,4,4,9,7,5,4,2,11
1@1,3,7,10,4,4,6,10,7,4,6,7,10,4,6,10,10,7,10,4,6,10,7,5,4,6,10,10,7,6,7,10,4,5,6,7,4,4,4,6,7,10,4,6,7,10,4,6,10,7,5,6,10,7,10,4,4,4,4,6,7,10,4,5,6,7,5,6,10,7,4,6,5,7,2,11
1@1,3,10,12,7,4,10,5,12,7,4,5,10,10,12,7,4,10,5,12,10,10,5,5,12,7,4,10,5,12,7,10,6,5,12,7,4,10,5,10,10,5,7,4,4,12,7,4,10,5,8,12,7,4,10,5,12,10,4,5,10,2,11
-1@1,3,5,6,6,5,8,5,4,8,5,5,5,6,5,5,4,6,15,5,4,7,5,6,8,7,5,4,5,5,6,6,7,4,5,5,5,8,9,9,5,4,13,5,13,13,5,5,6,8,7,4,5,8,13,5,2,11
1@1,3,4,9,9,9,8,7,4,5,13,5,9,9,9,9,9,7,4,9,5,5,9,9,8,5,4,13,5,8,2,11
-1@1,3,7,10,12,4,5,10,7,4,5,6,4,7,10,4,5,10,7,4,5,4,7,10,12,4,5,12,7,4,10,5,12,6,5,5,2,11
-1@1,3,6,5,6,5,5,5,9,8,5,4,9,7,15,4,15,5,6,5,4,15,7,5,6,5,6,5,9,5,8,10,5,5,9,5,9,7,5,5,5,5,4,15,5,9,8,6,5,10,8,7,2,11
1@3,1,6,4,10,4,8,10,8,8,10,10,5,7,4,10,10,12,7,4,10,8,5,4,10,10,7,10,5,4,8,5,10,2,11
-1@1,3,12,7,4,10,5,7,10,6,5,7,4,5,12,7,4,10,5,12,9,8,7,8,8,12,7,4,10,5,12,12,7,4
1@1,3,12,7,4,10,5,12,12,7,4,10,5,5,10,8,4,7,10,12,4,5,7,10,6,5,8,10,7,4,10,12,7,4,10,5,12,12,7,10,4,7,4,12,7,4,10,5,10,7,10,12,4,5,8,12,7,4,10,5,10,10,12,7,4,10,5,12,5,5,5,8,5,2,11
-1@1,3,4,5,4,5,9,7,5,4,5,7,4,6,9,7,5,4,5,5,4,5,4,5,9,7,5,4,5,9,5,9,8,7,5,4,5,9,9,5,9,5,2,11
1@1,3,12,7,4,10,5,12,7,4,7,10,12,4,5,5,7,4,7,10,6,5,10,10,10,10,5,8,5,10,5,10,7,4,12,7,4,10,5,12,2,11
1@1,3,5,9,7,4,9,10,4,5,9,7,5,4,4,7,5,4,5,7,4,5,6,5,5,9,8,5,5,7,4,6,5,4,9,8,4,4,6,5,2,11
1@3,1,5,10,8,5,5,6,10,5,5,6,8,7,5,6,7,10,4,10,10,10,4,10,10,7,5,4,5,6,10,10,8,5,2,11
1@1,3,7,10,12,4,5,7,6,12,7,4,10,5,12,10,12,7,4,10,5,12,7,10,6,8,7,10,6,5,7,10,7,10,6,9,8,5,7,10,6,5,7,6,7,10,6,8,2,11
-1@1,3,10,10,7,4,5,7,10,4,10,5,6,9,5,6,5,10,9,8,4,10,12,4,10,9,7,5,6,8,10,10,10,9,10,9,12,7,4,10,5,12,10,5,10,9,2,11
-1@1,3,10,7,4,6,8,6,5,8,8,8,8,8,5,8,7,4,8,10,8,4,8,8,5,8,7,4,6,7,10,4,6,10,8,8,5,5,10,7,10,4,10,7,10,6,5,10,8,8,2,11
-1@1,3,10,7,4,10,8,7,10,4,8,7,10,4,8,5,10,8,7,4,5,10,4,15,7,10,4,10,8,5,6,8,8,9,7,4,8,8,8,5,2,11
1@1,3,15,4,7,5,4,15,6,6,8,8,7,4,15,15,4,4,5,6,4,9,8,4,4,9,9,6,5,8,8,7,4,5,2,11
1@1,3,5,5,6,8,6,4,10,4,6,5,7,5,12,10,4,5,5,8,7,6,15,5,10,8,5,6,5,9,2,11,1,3,10,8,7,4,7,10,5,6,8,12,7,4,10,5,12,7,10,6,5,8,7,5,4,5,10,15,6,8,5,7,4,5,7,10,12,4,5,6,8,5,2,11
-1@1,3,8,5,5,6,8,5,6,5,6,5,10,5,5,4,5,8,15,5,4,9,8,5,5,6,8,5,5,6,5,8,7,4,8,6,5,5,5,6,8,7,4,6,5,2,11
1@1,3,8,6,5,9,8,5,7,5,6,8,5,5,6,5,7,5,4,7,5,5,4,6,5,8,7,5,6,4,15,5,13,5,7,5,15,4,5,6,7,10,4,9,6,5,4,8,7,5,2,11
1@1,3,10,12,8,10,8,10,7,4,6,5,8,12,7,4,10,5,12,6,8,5,7,10,4,6,5,5,6,5,8,8,5,7,4,6,10,2,11
1@1,3,5,5,6,5,6,5,6,9,5,5,5,6,7,5,5,4,5,5,5,5,5,6,8,5,4,5,5,6,7,5,6,8,7,5,5,6,5,8,7,5,5,5,5,6,5,6,9,2,11
1@1,3,10,7,4,5,6,10,10,7,5,4,6,10,7,5,4,6,10,10,7,4,5,4,6,7,10,4,4,6,10,7,5,6,7,4,5,6,7,4,6,7,10,6,7,6,12,10,12,10,7,4,6,9,9,9,9,4,5,6,5,10,2,11
1@3,1,10,10,10,7,4,8,4,12,7,4,10,5,12,5,8,8,8,5,7,4,8,7,4,12,7,4,10,5,8,8,10,8,2,11
1@1,3,7,10,12,4,5,7,10,6,5,10,10,7,10,12,4,5,8,7,10,12,4,5,12,7,4,10,5,12,10,7,4,7,10,6,5,5,10,8,5,10,5,10,5,7,10,6,5,12,7,4,10,5,12,7,10,4,12,7,4,10,5,7,10,5,7,10,12,4,5,12,7,4,10,5,12,2,11
-1@1,3,12,7,4,10,5,12,8,10,7,4,8,8,10,8,10,8,5,7,4,4,7,6,6,7,4,6,7,2,11
1@1,3,7,10,12,4,5,7,4,5,5,10,7,10,12,4,5,5,5,5,4,9,9,4,5,7,10,12,4,5,8,5,10,6,8,5,5,5,7,5,5,4,5,4,10,2,11
1@1,3,12,7,4,10,5,12,7,4,7,10,12,4,5,8,12,7,4,10,5,12,5,4,5,7,10,12,4,5,10,12,7,4,10,5,12,7,10,12,4,5,5,10,12,7,4,10,5,12,5,6,5,7,10,12,4,5,7,10,12,4,5,10,12,7,4,10,5,12,10,8,5,7,4,15,2,11
1@1,3,4,5,10,4,8,7,6,5,7,7,9,9,8,10,2,11,1,3,12,7,4,10,5,10,8,8,7,4,10,8,7,5,4,8,15,6,10,5,9,6,7,10,6,5,9,9,9,9,9,4,15,2,11
-1@1,3,10,10,7,4,10,12,7,4,10,5,12,7,10,12,4,5,8,5,10,12,7,4,10,5,12,7,10,6,5,5,7,7,10,12,4,5,5,7,10,12,4,5,7,4,5,2,11
1@1,3,9,7,5,5,5,5,5,4,15,5,5,15,4,5,6,5,8,6,5,15,4,15,5,7,5,5,6,5,5,6,8,7,5,6,9,6,6,6,5,5,6,5,4,5,6,6,5,6,5,6,5,2,11
1@1,3,10,8,10,8,10,10,10,5,8,7,5,6,8,5,5,6,8,5,9,9,7,6,10,5,10,6,8,8,5,6,8,7,10,4,14,2,11
1@1,3,12,7,4,10,5,12,7,10,6,5,8,7,4,5,5,7,10,6,5,5,7,4,4,9,9,10,5,10,6,10,7,4,10,5,8,5,2,11
1@1,3,10,8,7,5,6,9,10,10,9,7,10,6,5,5,7,10,5,6,8,10,10,8,7,5,5,5,6,8,7,6,5,10,7,10,5,6,7,5,5,15,6,7,5,6,8,7,5,6,7,5,6,8,7,5,6,7,6,7,10,5,6,10,5,9,8,5,7,10,8,7,5,5,6,7,10,5,6,7,5,6,7,10,5,6,8,7,5,5,6,5,9,2,11
-1@1,3,7,10,12,4,5,4,12,7,4,10,5,10,7,4,12,7,4,10,5,12,12,7,4,10,5,5,12,7,4,10,5,5,7,4,5,5,10,10,12,7,4,10,5,12,12,7,4,10,5,12,4,7,4,6,8,5,2,11
1@1,3,6,15,5,4,15,6,5,9,9,9,9,10,7,4,7,5,6,10,5,4,15,8,7,5,6,2,11
1@1,3,7,5,4,6,5,6,5,9,8,5,9,7,5,4,15,4,9,5,9,7,5,5,9,6,5,8,13,5,13,5,8,13,5,5,6,5,9,5,9,8,7,4,13,5,6,5,5,9,15,6,10,9,8,5,9,9,5,9,8,8,13,5,13,5,6,5,8,5,9,6,2,11
-1@1,3,10,7,10,12,4,5,7,4,5,7,10,12,4,5,5,10,10,5,5,10,7,10,12,4,5,7,4,5,5,4,12,7,4,10,5,4,15,5,7,10,12,4,5,5,10,7,4,5,4,10,7,6,14,2,11,14,14,14,14
-1@1,3,10,10,10,10,7,4,5,12,7,4,10,5,12,12,7,4,10,5,12,6,5,12,7,10,4,7,4,4,7,10,4,10,5,8,5,10,12,7,4,10,5,12,10,10,12,7,4,10,5,12,7,4,5,2,14,11,14,14,14
1@1,3,10,12,7,4,7,10,4,7,10,4,4,9,10,12,7,10,4,7,10,4,7,10,4,7,10,6,5,4,10,7,10,4,8,5,10,7,10,4,4,15,8,5,10,12,10,7,4,2,14,11,14,14,14
-1@1,3,7,10,12,4,5,7,6,8,7,4,7,10,12,4,5,12,7,4,10,5,12,10,8,5,6,7,10,4,12,7,4,10,5,4,12,7,4,10,5,12,8,5,9,10,12,7,4,10,5,12,7,4,10,5,12,12,7,4,10,5,12,7,4,12,7,4,10,5,12,8,7,4,4,8,5,10,8,14,2,11,14,14,14
1@1,3,8,5,6,5,5,9,10,6,9,5,7,4,4,8,8,8,8,5,10,5,9,10,7,5,5,6,5,9,5,5,5,7,2,11
1@1,3,7,10,4,5,6,8,5,15,4,15,5,5,5,5,6,5,7,5,4,9,7,5,6,5,6,7,4,7,5,4,5,7,5,4,8,13,8,6,5,5,7,5,4,2,11
-1@1,3,8,9,8,9,7,5,5,15,4,5,6,5,5,4,6,5,5,7,5,5,6,9,8,5,6,5,5,4,15,8,8,9,9,8,7,5,6,6,9,2,11
-1@1,3,10,10,5,5,6,10,6,5,6,7,10,4,5,7,5,6,8,10,5,6,5,5,5,8,10,2,11
-1@1,3,10,8,7,4,6,8,8,8,7,5,15,6,10,5,7,4,15,6,10,12,9,8,8,8,5,8,6,7,4,15,6,10,9,2,11
1@1,3,5,4,5,6,5,4,5,8,8,10,8,7,6,5,9,8,9,9,8,8,7,5,6,10,7,13,5,9,5,6,5,10,5,6,9,9,7,4,5,5,6,5,8,10,13,5,9,10,10,2,11
1@1,3,4,4,4,9,7,4,15,7,5,4,15,4,4,4,7,4,7,4,8,5,5,6,7,5,4,5,5,4,6,5,14,2,11,14,14
1@1,3,5,9,5,5,9,5,5,9,7,4,5,5,5,6,10,5,5,9,7,5,4,5,5,9,5,7,4,5,5,5,7,5,6,5,5,6,8,7,13,5,9,4,5,5,9,9,9,6,5,5,6,13,5,9,10,5,9,9,9,9,9,9,4,5,9,14,2,11,14,14
-1@1,3,10,12,8,5,10,9,9,9,6,7,4,10,9,9,9,9,9,8,7,4,9,8,7,10,4,10,8,7,10,6,9,9,9,9,9,9,9,6,8,9,9,8,5,7,6,2,11
1@1,3,6,8,5,4,10,10,6,15,6,5,8,7,4,5,6,8,10,7,5,4,5,5,4,15,8,5,6,7,10,4,8,5,7,4,2,11
1@1,3,10,7,4,12,7,4,10,5,8,8,4,7,10,6,5,8,7,10,4,10,8,7,10,4,4,15,7,4,7,10,4,7,10,6,5,8,4,7,10,4,7,10,6,5,5,12,7,4,10,5,4,7,10,4,10,10,5,7,10,12,4,5,2,11
-1@1,3,7,4,5,4,10,10,12,7,4,10,5,10,7,10,12,4,5,15,4,7,4,10,4,10,12,7,4,10,5,12,10,12,7,4,10,5,12,10,8,5,10,7,10,12,4,5,7,10,12,4,5,10,7,10,12,4,5,10,5,5,14,2,11,14,14,14
1@1,3,6,7,6,5,6,9,10,5,8,5,5,5,5,5,5,5,5,5,5,10,5,5,5,5,5,5,5,7,5,6,5,5,5,9,5,5,10,5,9,9,5,5,9,5,9,5,5,5,5,5,5,2,11
1@1,3,7,10,4,10,8,8,6,5,7,10,4,5,10,10,8,7,10,4,10,8,5,7,10,4,7,4,7,10,4,8,7,10,6,5,2,11
-1@1,3,7,10,12,4,5,15,6,9,8,7,4,10,10,10,8,5,10,7,6,7,10,6,5,10,10,10,12,7,15,6,2,11
-1@1,3,10,7,10,4,10,7,4,9,10,7,10,4,9,8,5,7,4,10,10,7,10,4,6,7,10,4,7,10,4,10,7,10,4,7,4,7,10,2,11
-1@1,3,7,10,4,10,10,7,4,10,10,7,10,4,10,10,6,5,9,6,5,5,7,4,8,10,7,10,4,10,6,5,8,7,4,8,5,7,10,6,10,7,4,8,5,8,8,5,10,8,5,2,11
-1@1,3,8,7,4,5,8,4,4,8,5,15,4,5,6,10,8,12,7,4,10,5,12,6,8,5,7,10,6,5,15,5,15,6,5,10,5,10,10,8,6,8,5,8,7,4,6,5,5,15,15,5,15,4,12,7,4,10,5,12,7,10,6,5,8,10,8,5,7,4,5,2,11
-1@1,3,5,6,4,15,5,5,4,15,5,5,5,15,15,4,5,6,5,7,4,15,5,4,15,5,6,8,9,8,10,8,5,9,5,4,7,5,6,4,6,7,13,5,9,4,7,6,2,11
1@1,3,4,5,9,5,7,5,4,15,5,5,4,15,5,5,5,7,5,6,5,5,5,9,9,5,9,9,5,9,7,5,15,4,4,5,5,5,9,7,4,6,9,5,9,9,4,5,9,10,2,11
1@1,3,8,5,6,5,7,5,5,5,6,5,5,6,8,7,5,6,5,8,7,5,5,6,5,6,5,6,5,5,5,5,6,8,7,5,5,5,5,6,5,5,5,6,5,5,4,6,5,2,11
-1@1,3,10,15,4,5,10,5,9,5,6,10,7,5,4,9,8,5,10,10,8,7,5,6,5,6,5,7,10,6,5,9,8,5,9,10,5,5,4,8,5,7,6,8,2,11
1@3,1,10,7,4,5,7,10,4,7,10,4,4,4,4,12,7,4,10,5,5,7,4,5,7,4,10,7,10,4,10,5,10,10,5,4,2,11
-1@1,3,12,7,4,10,5,12,8,10,4,7,4,9,10,9,4,6,7,10,4,7,10,4,10,4,8,5,7,4,5,4,10,6,5,2,11
1@1,3,5,4,10,5,4,10,7,10,6,7,10,5,6,7,4,7,4,10,10,8,7,10,7,4,10,8,6,6,4,7,10,5,6,8,4,6,8,2,11
-1@1,3,6,5,10,6,5,9,8,7,4,4,5,4,7,10,4,9,8,8,5,5,4,6,5,8,7,4,10,6,5,8,10,6,10,2,11
1@1,3,5,8,5,5,7,10,4,5,7,10,4,10,7,10,4,5,8,5,4,5,8,7,5,4,5,6,5,4,9,7,5,4,5,4,4,8,2,11
-1@1,3,8,7,5,5,6,7,10,5,5,6,5,9,7,4,7,5,5,6,5,5,6,8,10,7,4,8,8,10,9,8,7,5,6,5,7,2,11
1@1,3,7,10,12,4,5,10,8,8,7,4,4,10,10,12,7,4,10,5,12,5,10,12,7,4,10,5,12,8,5,7,4,7,10,12,4,5,7,10,4,12,7,4,10,5,12,2,11
1@1,3,8,7,5,4,5,6,5,5,7,4,8,5,9,5,9,8,5,4,15,5,5,9,7,4,5,9,5,9,5,7,13,5,9,4,4,15,5,5,4,5,5,9,8,5,7,5,15,5,4,15,5,5,9,5,2,11
1@1,3,9,4,15,5,5,15,4,5,5,9,7,4,5,15,5,4,7,10,4,4,15,5,4,15,5,4,15,2,11
1@1,3,7,10,12,4,5,8,8,7,4,7,10,12,4,5,12,7,4,10,5,10,8,10,8,5,5,10,7,10,6,5,8,7,4,7,10,12,4,5,8,5,5,8,5,7,4,2,11
1@1,3,7,10,12,4,5,10,6,6,15,6,8,7,10,4,10,8,6,7,10,12,4,5,6,6,7,4,6,5,5,10,10,8,8,8,8,5,6,6,8,2,11
-1@1,3,8,4,6,8,7,5,6,5,6,5,6,10,5,4,5,4,5,6,7,4,9,9,7,5,4,6,5,6,5,9,6,5,5,9,9,5,5,6,5,9,9,8,7,6,2,11
-1@1,3,6,5,8,7,5,8,8,15,4,15,5,6,7,4,4,15,5,8,10,9,7,5,4,15,5,4,15,8,5,5,4,15,4,5,6,5,4,5,9,9,2,11
-1@1,3,10,7,4,5,7,10,6,5,7,10,12,4,5,10,7,10,12,4,5,7,4,8,5,6,5,7,4,4,4,8,5,7,4,2,11
-1@1,3,9,5,7,5,4,5,5,5,9,9,5,6,5,9,7,5,4,5,5,5,5,5,9,9,5,5,5,5,5,6,5,5,8,7,5,4,5,9,7,5,4,5,5,9,13,5,5,5,13,13,5,9,5,9,8,7,5,2,11
1@1,3,8,5,6,8,5,5,6,8,6,5,5,5,15,5,6,7,10,4,6,5,9,8,7,4,5,6,5,4,6,5,10,5,5,5,6,5,8,5,5,5,5,6,5,9,8,6,5,10,8,6,5,8,2,11
-1@1,3,10,10,10,10,5,6,10,5,6,8,8,5,6,5,10,10,7,10,4,5,6,8,5,8,10,7,5,5,4,10,10,10,9,10,8,7,5,4,2,11
-1@1,3,5,5,5,6,5,10,8,5,5,5,5,6,9,8,6,5,9,7,5,5,5,6,5,5,5,6,9,9,9,9,6,5,9,9,8,7,5,5,5,6,9,6,5,9,5,5,5,6,10,12,2,11
1@1,3,6,15,5,5,6,9,5,6,6,5,10,8,5,4,7,6,5,15,5,4,7,4,5,6,4,5,4,15,4,5,5,6,2,11
-1@1,3,5,6,7,5,6,5,4,5,5,6,5,5,9,5,6,7,10,5,6,9,8,6,5,4,5,6,5,6,5,5,6,5,5,6,5,5,7,5,5,5,5,6,2,11
-1@1,3,12,7,4,10,5,10,7,4,5,10,6,4,10,7,4,5,4,7,10,12,4,5,4,9,5,6,12,7,4,10,5,10,7,4,5,10,7,10,6,5,9,2,11
-1@3,1,10,10,8,8,10,8,8,5,5,10,7,6,10,10,10,10,5,5,10,10,8,8,5,5,5,5,7,5,6,5,5,5,5,5,5,5,5,5,10,8,5,5,5,5,10,10,10,10,5,9,5,5,5,7,5,6,5,5,5,5,5,5,5,5,5,5,5,5,5,2,11
-1@1,3
-1@1,3,5,6,15,4,7,5,5,6,5,15,4,8,5,6,5,7,5,5,5,6,4,15,5,5,7,5,6,8,5,15,4,15,5,6,5,7,2,11
1@1,3,12,7,4,10,5,12,7,10,6,5,7,4,5,12,7,4,10,5,12,4,5,5,5,7,10,6,10,8,5,8,5,10,12,7,4,10,5,12,5,9,8,8,5,10,5,5,8,5,7,4,5,5,5,5,5,5,4,4,4,4,4,4,4,2,11
1@1,3,12,7,4,10,5,12,7,10,12,4,5,7,10,12,4,5,10,7,10,12,4,5,4,7,4,7,4,10,10,10,2,11
-1@1,3,10,7,10,4,7,10,4,6,8,7,4,5,10,5,10,8,5,10,8,7,6,10,8,8,7,10,4,10,10,10,8,5,10,12,8,8,8,2,11
-1@1,3,10,5,15,6,5,8,5,5,5,4,5,5,7,5,4,5,5,5,5,5,4,10,8,8,10,5,8,7,4,5,5,5,5,5,5,5,5,8,8,5,8,6,10,10,7,6,6,2,11
1@1,3,7,10,12,4,5,15,6,8,10,7,4,5,6,5,4,7,10,6,5,10,5,4,5,8,8,7,4,5,8,5,4,7,10,6,5,15,6,5,8,8,2,11
-1@1,3,5,5,6,5,9,9,5,5,6,9,8,7,5,6,9,8,5,5,6,5,5,6,6,5,8,7,5,5,6,9,8,5,5,5,6,8,5,6,5,7,5,6,6,5,9,8,10,12,7,5,5,5,6,9,9,7,2,11
1@1,3,12,7,4,10,5,10,8,8,8,7,4,7,10,12,4,5,5,10,8,8,4,8,10,5,7,10,6,8,4,15,5,10,12,7,4,10,5,10,7,6,10,10,2,11
1@1,3,10,6,7,10,4,6,7,4,7,10,4,12,7,4,10,5,10,12,7,10,12,4,5,10,7,4,7,10,4,10,5,8,2,11
-1@1,3,12,7,4,10,5,12,12,7,4,10,5,12,4,4,6,5,7,10,12,4,5,4,10,7,4,12,7,4,10,5,10,4,7,4,5,4,4,7,10,12,4,5,7,10,12,4,5,4,4,12,7,4,10,5,4,4,2,11
1@1,3,7,10,6,8,7,4,6,12,7,10,12,4,5,7,10,6,5,8,6,8,15,6,5,7,4,8,7,4,8,7,10,4,7,6,10,5,7,6,2,11
1@1,3,10,10,7,10,4,7,10,4,7,10,12,4,5,9,10,7,4,7,10,6,5,7,10,6,5,10,5,7,10,12,4,5,5,8,5,7,4,10,10,7,10,12,4,5,5,7,10,6,5,5,9,7,10,4,5,14,2,11,14,14,14,14
-1@1,3,15,5,6,5,7,5,4,5,5,6,5,10,5,6,4,15,4,4,13,5,13,5,5,5,5,5,9,5,9,5,6,7,5,5,4,15,15,15,6,5,6,5,5,9,8,13,6,5,5,9,5,15,6,2,11
-1@1,3,10,12,10,7,4,5,4,10,10,6,10,10,8,7,4,10,7,4,5,7,10,6,5,6,5,5,10,6,7,10,4,2,11
-1@1,3,10,4,6,7,10,4,12,7,4,10,5,8,7,4,6,10,10,8,8,5,4,8,8,5,10,5,7,10,4,7,4,4,5,4,7,10,12,4,5,7,10,6,5,5,4,8,10,7,4,5,10,7,10,12,4,2,11
1@1,3,12,7,4,10,5,10,7,10,6,5,12,7,4,10,5,7,4,4,6,5,7,10,6,5,8,12,7,4,10,5,12,7,4,4,4,7,10,12,4,5,7,4,4,5,8,5,8,5,2,11
-1@1,3,10,7,4,10,10,6,8,10,10,7,4,9,8,5,12,7,4,10,5,10,6,8,5,7,10,10,10,10,7,4,12,7,4,10,5,12,7,10,6,5,2,11
1@1,3,7,10,12,4,5,8,10,7,4,4,15,8,7,10,4,10,8,7,10,4,4,10,12,7,10,4,8,5,9,10,7,10,6,5,10,8,5,10,8,10,7,10,4,8,5,2,11
1@3,1,5,4,5,6,9,15,4,15,5,7,5,4,15,5,4,15,5,5,4,15,5,5,4,9,15,4,6,8,7,6,5,6,7,5,4,15,5,4,9,5,4,7,2,11
1@1,3,10,7,10,4,6,7,10,6,7,5,6,7,10,4,6,9,8,9,7,10,4,7,10,4,7,10,6,5,5,9,8,7,5,6,9,7,10,4,6,10,9,9,10,7,10,6,5,5,8,7,10,4,9,9,9,9,10,8,5,7,4,2,11
-1@1,3,10,10,10,5,5,8,10,10,8,5,8,8,10,10,10,10,6,5,5,5,5,8,6,10,10,10,10,8,7,4,5,8,5,8,10,6,10,8,8,8,10,4,10,10,8,8,8,8,5,6,6,5,8,8,8,8,8,7,6,5,6,5,5,5,5,6,2,11
1@1,3,5,10,7,5,4,6,5,10,4,5,10,5,9,8,10,7,4,5,4,5,7,5,4,15,5,5,8,13,5,9,7,4,5,9,9,9,2,11
1@1,3,10,7,4,7,10,6,5,9,7,10,12,4,5,12,7,4,10,5,7,10,12,4,5,7,10,12,4,5,12,7,4,10,5,9,8,5,8,8,9,7,10,12,4,5,7,10,6,5,5,7,4,10,10,12,7,4,10,5,12,7,10,6,5,7,10,12,4,5,7,10,6,5,5,8,5,14,2,11,14,14,14,14
1@1,3,10,12,7,4,10,5,12,9,12,7,4,10,5,12,7,4,15,4,9,12,7,4,10,5,8,5,10,9,6,7,4,7,10,12,4,5,15,15,5,6,5,5,12,7,4,10,5,15,15,5,6,12,7,4,10,5,12,7,10,4,10,14,2,11,14,14,14
-1@3,1,10,10,10,10,5,5,5,7,6,8,10,10,10,5,5,5,5,5,5,5,5,5,5,5,5,5,5,8,5,9,8,7,6,5,10,10,8,10,10,8,8,5,5,10,10,10,8,10,5,8,8,10,10,10,8,8,5,9,5,9,5,5,8,8,2,11
-1@1,3,6,15,6,6,6,6,8,8,10,8,8,7,5,6,7,10,6,7,10,4,10,10,4,7,10,6,8,5,8,10,7,4,10,8,5,8,2,11
-1@1,3,10,7,4,7,10,6,5,8,4,7,10,6,5,5,8,8,5,7,4,5,8,6,7,10,6,5,8,8,10,4,8,5,7,4,10,8,5,8,10,7,4,12,7,4,10,5,7,10,6,5,5,5,8,10,8,10,2,11
-1@1,3,10,6,10,5,10,6,5,5,5,7,6,7,5,5,5,7,10,6,7,10,4,10,5,5,8,5,5,5,5,5,5,5,5,8,7,5,6,2,11
1@1,3,7,4,9,4,4,6,5,8,7,4,4,4,7,4,15,4,5,6,9,6,5,5,4,4,7,5,6,7,4,4,9,7,4,7,5,5,5,5,6,5,2,11
1@1,3,10,10,8,8,5,8,10,10,7,10,4,10,8,9,9,9,10,5,8,5,7,5,4,5,5,7,10,4,10,10,5,5,6,6,9,8,2,11
-1@1,3,5,6,5,8,9,7,5,5,5,6,7,5,6,7,5,5,6,5,8,5,5,6,8,8,5,5,5,5,6,5,10,8,10,8,8,7,5,5,5,6,7,5,6,5,2,11
1@1,3,4,5,7,4,5,9,5,6,5,9,6,5,5,4,7,4,5,7,4,7,5,5,4,15,5,4,2,11
-1@1,3,12,7,4,10,5,12,7,10,5,6,10,7,10,12,4,5,9,7,4,10,10,7,10,4,7,10,6,5,5,10,10,5,10,7,4,10,5,10,14,2,11,14,14,14
-1@3,1,10,12,7,10,4,5,5,10,10,5,10,7,4,7,10,4,10,8,8,7,10,4,9,8,5,8,5,4,10,8,5,7,4,10,4,15,6,6,10,5,9,8,5,7,5,6,5,7,2,11
-1@1,3,10,10,10,7,4,10,10,4,10,8,4,10,7,4,4,7,10,4,7,10,4,10,9,10,6,5,10,7,10,4,10,10,7,4,10,7,10,4,10,10,7,10,4,2,11
1@3,1,10,10,8,8,10,8,8,8,6,8,8,10,10,8,8,8,8,8,8,10,6,7,6,10,10,5,8,5,5,5,5,5,5,5,5,8,8,4,8,8,8,8,8,5,7,5,6,5,5,8,8,10,6,10,10,8,8,8,5,8,10,10,10,5,5,5,2,11
1@1,3,10,10,10,8,8,4,15,8,7,4,4,15,8,10,8,8,4,5,8,5,4,15,10,9,8,7,4,5,5,5,5,5,4,7,4,10,2,11
-1@1,3,9,9,8,7,5,6,8,9,8,5,5,4,7,4,8,7,7,5,6,2,11
-1@1,3,12,7,4,10,5,12,10,7,4,12,7,4,10,5,12,10,7,10,12,4,5,9,9,8,4,6,5,12,7,4,10,5,4,7,10,15,6,9,12,7,4,10,5,6,5,8,7,5,4,10,12,4,5,4,7,4,7,6,7,15,6,7,10,2,11
1@1,3,6,9,4,5,7,4,5,7,4,9,5,7,13,5,9,4,7,4,5,9,8,9,8,9,8,10,4,6,15,5,5,10,2,11
1@1,3,7,10,12,4,5,7,10,6,5,8,7,4,7,10,4,4,7,10,6,5,6,5,10,7,4,5,8,4,12,7,4,10,5,12,8,5,8,8,5,7,10,4,7,10,4,7,10,4,5,8,5,7,10,6,5,2,11
1@1,3,12,7,4,10,5,7,10,6,5,7,4,6,8,5,8,5,10,9,10,12,7,4,10,5,10,7,10,6,5,5,10,7,4,5,8,10,8,5,10,5,7,10,4,7,10,4,7,4,5,5,12,7,4,10,5,2,11
1@1,3,6,6,7,10,4,7,10,6,5,5,7,10,4,8,6,5,5,8,4,10,7,10,5,5,4,10,8,7,6,7,10,5,5,6,8,7,10,15,4,10,7,10,5,4,4,2,11
1@1,3,9,5,6,10,12,4,7,10,8,5,8,5,6,8,4,4,2,11
1@1,3,9,7,5,7,10,4,7,5,6,6,5,9,8,7,5,4,5,4,6,5,8,5,7,5,5,6,4,5,4,4,6,7,5,4,5,4,8,8,5,9,8,8,9,2,11
-1@1,3,5,5,6,7,5,6,4,5,5,4,5,5,5,8,7,5,5,5,5,5,6,5,9,9,9,9,9,9,9,5,7,5,6,2,11
-1@1,3,6,8,5,5,5,6,8,10,5,6,7,5,6,8,5,4,5,5,5,7,4,5,8,4,9,2,11
-1@1,3,4,5,7,10,4,9,9,5,7,4,7,5,4,7,5,4,5,5,9,7,5,4,5,5,7,5,4,5,7,4,5,6,5,5,5,5,6,5,9,5,4,7,5,4,5,7,5,4,5,9,7,15,5,4,4,15,5,7,5,15,5,6,4,4,6,5,5,4,6,5,5,5,5,6,5,5,7,6,5,5,6,5,2,11
1@1,3,10,8,10,8,7,4,7,10,6,5,4,10,8,10,5,8,10,10,7,5,15,15,6,5,10,8,10,7,10,5,6,8,8,7,6,2,11
-1@1,3,12,7,4,10,5,12,10,8,7,4,10,9,8,8,7,4,10,8,5,6,10,8,5,8,7,4,8,5,5,10,9,8,5,8,7,4,5,8,4,5,2,11
1@1,3,7,10,12,4,5,6,8,7,4,10,10,7,10,4,15,4,7,10,4,10,7,10,4,10,8,5,7,10,6,8,7,4,10,8,5,10,7,10,4,7,10,4,7,10,6,5,8,5,10,9,7,10,12,4,5,10,8,5,8,5,8,7,4,4,4,4,4,2,11
1@3,1,12,7,4,10,5,7,10,6,5,12,7,4,10,5,12,7,10,6,5,5,7,4,12,7,4,10,5,12,7,10,6,10,10,12,7,4,10,5,12,10,7,10,12,4,5,6,7,6,5,12,7,4,10,5,5,7,10,12,4,5,7,10,12,4,5,2,11
-1@1,3,8,5,15,4,8,15,5,5,6,8,7,5,4,10,8,5,5,5,5,6,10,8,8,10,8,7,4,10,8,5,5,4,15,8,8,8,7,4,4,10,8,5,5,5,5,5,5,6,14,2,11,14,14
1@1,3,8,5,4,5,5,7,4,5,5,5,5,9,5,10,5,5,4,5,8,5,5,8,10,7,4,5,5,4,5,8,4,5,7,4,5,10,5,5,5,8,2,11
-1@1,3,10,7,4,5,10,10,8,5,7,10,12,4,5,8,10,8,12,10,8,10,8,7,4,5,4,12,7,4,10,5,10,7,4,10,5,8,5,7,10,12,4,5,10,7,4,2,11
-1@1,3,10,12,8,7,4,10,10,15,4,8,12,7,4,10,5,12,4,10,7,10,4,7,5,6,10,12,7,4,10,5,12,8,5,5,12,7,4,10,5,8,5,5,2,11
1@1,3,7,10,4,5,5,5,6,4,6,5,9,5,5,6,8,7,5,6,5,5,5,6,4,8,5,5,4,7,4,10,5,6,5,10,8,8,2,11
-1@1,3,5,6,8,8,7,8,8,6,5,8,8,5,6,7,5,5,6,8,2,11
-1@1,3,4,5,4,15,4,7,4,5,5,9,4,5,5,4,9,7,5,4,5,6,5,5,9,8,7,4,9,5,4,5,10,5,7,4,5,5,5,10,2,11
1@1,3,10,7,4,10,12,7,4,10,5,7,4,5,10,7,10,12,4,5,7,10,12,4,5,10,5,8,5,4,10,10,7,4,5,4,7,10,12,4,5,6,5,7,10,6,5,10,10,5,5,6,8,5,8,5,2,11
1@1,3,10,7,4,6,5,8,10,8,10,15,4,7,10,12,4,5,10,10,7,4,5,4,4,6,10,10,7,10,6,5,4,10,4,12,7,4,10,5,12,2,11
1@1,3,5,4,15,8,9,7,5,6,5,5,4,6,6,5,5,4,15,5,7,6,5,5,6,5,4,5,6,5,13,5,6,5,6,5,5,6,9,7,4,9,7,5,5,4,15,5,7,5,4,13,5,5,4,5,4,15,5,5,9,6,2,11
1@1,3,7,10,6,7,10,4,6,8,7,4,6,8,10,10,7,4,4,6,7,10,4,4,4,4,6,7,10,4,4,6,8,10,7,4,6,8,10,7,5,4,6,10,10,7,4,5,6,5,7,10,4,6,7,4,4,6,7,10,4,6,10,10,7,4,6,7,10,4,6,10,7,6,2,11
1@1,3,8,6,15,5,4,4,15,15,5,4,5,6,5,8,7,4,4,15,5,8,4,9,4,4,6,5,6,9,9,5,6,5,6,5,4,6,5,2,11
1@1,3,7,5,6,6,8,8,5,8,8,4,8,13,5,13,8,10,7,15,5,4,13,8,7,10,5,15,4,8,6,5,4,15,9,5,6,13,5,5,6,5,6,9,13,5,7,6,5,2,11
-1@1,3,5,5,7,4,5,5,5,5,5,5,7,4,2,11
-1@1,3,10,10,5,7,5,6,6,8,8,7,5,6,10,7,5,5,6,8,8,5,5,8,10,10,10,7,5,6,5,5,9,2,11
1@1,3,9,9,8,7,5,4,5,5,4,15,5,8,4,15,8,5,4,15,5,8,7,5,4,5,7,5,4,15,5,5,7,13,5,9,4,6,5,5,9,5,6,7,5,15,4,5,9,5,2,11
1@1,3,5,9,8,8,7,5,4,8,7,5,4,8,5,4,5,10,8,7,5,5,4,5,7,10,5,5,6,10,8,7,5,5,5,5,5,6,7,5,4,5,13,5,9,7,5,6,8,8,2,11
1@1,3,5,6,5,5,6,5,6,4,15,5,7,5,4,7,5,4,5,6,4,15,5,8,7,5,5,5,8,5,4,15,5,8,8,10,5,6,8,6,5,5,4,7,5,6,5,2,11
1@1,3,7,10,12,4,5,9,7,4,5,10,8,12,7,4,10,5,12,10,7,10,6,5,8,8,5,10,7,10,6,5,5,5,7,4,10,10,12,7,4,10,5,12,7,10,12,4,5,4,10,8,5,10,14,2,11,14
1@3,1,5,7,5,4,5,8,5,6,5,7,5,6,5,5,9,6,5,4,6,5,5,4,15,7,4,5,2,11
1@1,3,4,15,5,5,8,6,5,5,5,5,4,7,4,15,5,5,6,5,5,6,6,8,8,5,6,9,5,8,8,7,5,4,15,5,5,5,6,9,2,11
1@1,3,7,10,4,10,8,5,8,7,4,10,8,8,8,7,10,4,7,10,4,8,7,10,4,10,7,10,4,8,5,7,10,5,4,8,5,7,4,7,10,5,4,10,8,5,7,10,4,8,6,8,6,6,8,8,7,10,4,8,6,2,11
-1@1,3,7,10,4,10,7,4,4,7,10,12,4,5,6,5,7,4,4,12,7,4,10,5,12,6,5,7,4,12,7,4,10,5,12,6,5,12,7,4,10,5,2,11
-1@1,3,5,6,5,4,5,4,10,5,5,7,5,5,6,9,8,10,7,5,5,6,5,9,6,5,7,6,5,5,6,5,5,8,5,2,11
-1@1,3,7,10,12,4,5,10,10,12,7,4,10,5,12,7,10,12,4,5,10,7,4,10,10,7,10,12,4,5,4,12,7,4,10,5,12,7,4,10,10,10,5,7,10,6,5,5,4,14,2,11,14,14,14,14,14
1@1,3,12,7,4,10,5,12,5,5,8,7,4,5,12,7,4,10,5,4,12,7,4,10,5,12,4,15,7,10,6,5,12,7,4,10,5,6,10,7,10,6,5,5,9,8,8,6,8,5,4,7,4,5,8,5,7,4,5,5,9,8,7,4,5,6,5,2,11
1@1,3,10,8,7,4,6,8,10,8,7,10,4,6,8,7,4,10,4,7,10,4,8,7,10,4,8,10,7,4,10,4,8,8,5,6,10,8,7,4,7,10,4,2,11
1@1,3,12,7,4,10,5,12,12,7,4,10,5,12,7,4,10,5,10,8,12,7,4,10,5,12,7,10,12,4,5,7,10,12,4,5,12,7,4,10,5,12,12,7,4,10,5,12,12,7,4,10,5,12,7,10,6,5,7,10,12,4,5,10,7,4,12,7,4,10,5,10,8,5,7,10,12,4,5,12,7,4,10,5,12,7,10,8,5,14,2,11,14,14,14
1@1,3,7,5,4,7,5,5,15,4,6,5,7,5,5,6,5,8,7,5,6,5,6,5,6,5,7,5,4,15,6,5,5,15,5,4,4,5,6,5,7,10,4,2,11
1@1,3,10,12,7,4,10,5,12,7,4,5,5,5,10,7,4,4,7,10,12,4,5,12,7,4,10,5,10,5,5,7,10,12,4,5,7,10,12,4,5,7,10,4,4,5,4,12,7,4,10,5,8,12,7,4,10,5,12,7,10,4,5,4,5,8,12,7,4,10,5,12,2,11